SIGHTINGDATE,LAT,LON,SOURCE,Presence,Season,SST_Celsius,Frontal_Value
2019-12-31,42.4369383,-70.54587,Acoustic,1,Winter,6.753867768595041,0.0245203996704806
2020-01-26,42.4369383,-70.54587,Acoustic,1,Winter,5.59702479338843,0.06767569726275523
2020-01-29,42.4369383,-70.54587,Acoustic,1,Winter,5.685630385487528,0.14406682477239421
2019-08-01,42.2554283,-70.179015,Acoustic,1,Summer,22.243074380165286,0.033241540277189445
2020-01-31,42.255235,-70.1796283,Acoustic,1,Winter,6.385999999999999,0.08798295289429559
2020-02-01,42.255235,-70.1796283,Acoustic,1,Winter,6.250090909090908,0.056400354608815005
2020-02-02,42.255235,-70.1796283,Acoustic,1,Winter,6.261297520661158,0.08006247560499327
2020-02-03,42.255235,-70.1796283,Acoustic,1,Winter,6.373148760330577,0.0884265231703686
2020-02-04,42.255235,-70.1796283,Acoustic,1,Winter,6.4264710743801645,0.06694027188471734
2020-02-05,42.255235,-70.1796283,Acoustic,1,Winter,6.542925619834709,0.06514598989960971
2020-02-06,42.255235,-70.1796283,Acoustic,1,Winter,6.353791383219955,0.04808326112068371
2020-02-07,42.255235,-70.1796283,Acoustic,1,Winter,6.214413223140496,0.03810839802458353
2020-02-08,42.255235,-70.1796283,Acoustic,1,Winter,6.2686280991735535,0.04669047011971424
2020-02-09,42.255235,-70.1796283,Acoustic,1,Winter,6.212677685950413,0.05303772242470398
2020-02-10,42.255235,-70.1796283,Acoustic,1,Winter,6.048959927140255,0.0812157620169883
2020-02-11,42.255235,-70.1796283,Acoustic,1,Winter,6.072959183673468,0.06101843983583848
2020-02-12,42.255235,-70.1796283,Acoustic,1,Winter,6.182048573163327,0.05080354318352207
2020-02-13,42.255235,-70.1796283,Acoustic,1,Winter,6.140454545454546,0.05235456045083416
2020-02-14,42.255235,-70.1796283,Acoustic,1,Winter,6.136859504132232,0.061773780845924345
2020-02-15,42.255235,-70.1796283,Acoustic,1,Winter,6.105247933884296,0.051662365412358247
2020-02-16,42.255235,-70.1796283,Acoustic,1,Winter,5.423495867768595,0.11014535850411512
2020-02-17,42.255235,-70.1796283,Acoustic,1,Winter,5.509347107438017,0.10822661410207869
2020-02-19,42.255235,-70.1796283,Acoustic,1,Winter,5.988809917355372,0.10290043731685491
2020-02-24,42.255235,-70.1796283,Acoustic,1,Winter,5.685966942148761,0.10851843161417332
2020-02-27,42.255235,-70.1796283,Acoustic,1,Winter,5.415669421487602,0.08229216244576598
2020-02-28,42.255235,-70.1796283,Acoustic,1,Winter,5.284074380165289,0.1064377752492035
2020-03-01,42.255235,-70.1796283,Acoustic,1,Spring,5.36237826350941,0.20721064161862057
2020-03-02,42.255235,-70.1796283,Acoustic,1,Spring,5.40897520661157,0.11718361660232225
2020-03-03,42.255235,-70.1796283,Acoustic,1,Spring,5.38065306122449,0.15205262246998563
2020-03-04,42.255235,-70.1796283,Acoustic,1,Spring,5.587388429752066,0.06280127387243105
2020-03-05,42.255235,-70.1796283,Acoustic,1,Spring,,
2020-03-06,42.255235,-70.1796283,Acoustic,1,Spring,,
2020-03-07,42.255235,-70.1796283,Acoustic,1,Spring,,
2020-03-08,42.255235,-70.1796283,Acoustic,1,Spring,,
2020-03-09,42.255235,-70.1796283,Acoustic,1,Spring,,
2020-03-10,42.255235,-70.1796283,Acoustic,1,Spring,,
2020-03-11,42.255235,-70.1796283,Acoustic,1,Spring,,
2020-03-12,42.255235,-70.1796283,Acoustic,1,Spring,,
2020-03-13,42.255235,-70.1796283,Acoustic,1,Spring,,
2020-03-14,42.255235,-70.1796283,Acoustic,1,Spring,,
2020-03-15,42.255235,-70.1796283,Acoustic,1,Spring,,
2020-03-16,42.255235,-70.1796283,Acoustic,1,Spring,,
2020-03-17,42.255235,-70.1796283,Acoustic,1,Spring,,
2020-03-18,42.255235,-70.1796283,Acoustic,1,Spring,,
2020-03-19,42.255235,-70.1796283,Acoustic,1,Spring,,
2020-03-20,42.255235,-70.1796283,Acoustic,1,Spring,,
2020-03-21,42.255235,-70.1796283,Acoustic,1,Spring,,
2020-03-22,42.255235,-70.1796283,Acoustic,1,Spring,,
2020-03-23,42.255235,-70.1796283,Acoustic,1,Spring,,
2020-03-25,42.255235,-70.1796283,Acoustic,1,Spring,,
2020-03-27,42.255235,-70.1796283,Acoustic,1,Spring,,
2020-03-28,42.255235,-70.1796283,Acoustic,1,Spring,,
2020-03-29,42.255235,-70.1796283,Acoustic,1,Spring,,
2020-03-30,42.255235,-70.1796283,Acoustic,1,Spring,,
2020-03-31,42.255235,-70.1796283,Acoustic,1,Spring,,
2020-04-01,42.255235,-70.1796283,Acoustic,1,Spring,,
2020-04-02,42.255235,-70.1796283,Acoustic,1,Spring,,
2020-04-04,42.255235,-70.1796283,Acoustic,1,Spring,,
2020-04-05,42.255235,-70.1796283,Acoustic,1,Spring,,
2020-04-06,42.255235,-70.1796283,Acoustic,1,Spring,,
2020-04-07,42.255235,-70.1796283,Acoustic,1,Spring,,
2019-01-29,42.4708417,-70.24281,Acoustic,1,Winter,,
2019-01-30,42.4708417,-70.24281,Acoustic,1,Winter,,
2019-02-08,42.4708417,-70.24281,Acoustic,1,Winter,,
2019-03-11,42.4708417,-70.24281,Acoustic,1,Spring,,
2019-03-12,42.4708417,-70.24281,Acoustic,1,Spring,,
2019-03-30,42.4708417,-70.24281,Acoustic,1,Spring,,
2019-03-31,42.4708417,-70.24281,Acoustic,1,Spring,,
2019-08-19,42.4708733,-70.2423833,Acoustic,1,Summer,,
2019-08-24,42.4708733,-70.2423833,Acoustic,1,Summer,,
2019-08-31,42.4708733,-70.2423833,Acoustic,1,Summer,,
2020-04-07,42.470708,-70.242457,Acoustic,1,Spring,,
2020-04-12,42.470708,-70.242457,Acoustic,1,Spring,,
2020-04-13,42.470708,-70.242457,Acoustic,1,Spring,,
2020-04-14,42.470708,-70.242457,Acoustic,1,Spring,,
2020-04-15,42.470708,-70.242457,Acoustic,1,Spring,,
2020-04-17,42.470708,-70.242457,Acoustic,1,Spring,,
2020-04-18,42.470708,-70.242457,Acoustic,1,Spring,,
2020-04-22,42.470708,-70.242457,Acoustic,1,Spring,,
2020-04-23,42.470708,-70.242457,Acoustic,1,Spring,,
2019-04-06,42.2554067,-70.17901,Acoustic,1,Spring,,
2019-04-07,42.2554067,-70.17901,Acoustic,1,Spring,,
2019-04-08,42.2554067,-70.17901,Acoustic,1,Spring,,
2019-04-10,42.2554067,-70.17901,Acoustic,1,Spring,,
2019-04-11,42.2554067,-70.17901,Acoustic,1,Spring,,
2019-04-12,42.2554067,-70.17901,Acoustic,1,Spring,,
2019-04-13,42.2554067,-70.17901,Acoustic,1,Spring,,
2019-04-14,42.2554067,-70.17901,Acoustic,1,Spring,,
2019-04-15,42.2554067,-70.17901,Acoustic,1,Spring,,
2019-04-16,42.2554067,-70.17901,Acoustic,1,Spring,,
2019-04-17,42.2554067,-70.17901,Acoustic,1,Spring,,
2019-04-18,42.2554067,-70.17901,Acoustic,1,Spring,,
2019-04-20,42.2554067,-70.17901,Acoustic,1,Spring,,
2019-04-21,42.2554067,-70.17901,Acoustic,1,Spring,,
2019-04-22,42.2554067,-70.17901,Acoustic,1,Spring,,
2019-04-23,42.2554067,-70.17901,Acoustic,1,Spring,,
2019-04-24,42.2554067,-70.17901,Acoustic,1,Spring,,
2019-04-25,42.2554067,-70.17901,Acoustic,1,Spring,,
2019-04-28,42.2554067,-70.17901,Acoustic,1,Spring,,
2019-04-29,42.2554067,-70.17901,Acoustic,1,Spring,,
2019-04-30,42.2554067,-70.17901,Acoustic,1,Spring,,
2019-05-01,42.2554067,-70.17901,Acoustic,1,Spring,,
2019-05-02,42.2554067,-70.17901,Acoustic,1,Spring,,
2019-05-05,42.2554067,-70.17901,Acoustic,1,Spring,,
2019-05-09,42.2554067,-70.17901,Acoustic,1,Spring,,
2019-05-20,42.2554067,-70.17901,Acoustic,1,Spring,,
2020-10-06,42.47083,-70.242287,Acoustic,1,Fall,,
2019-02-08,42.25539,-70.178843,Acoustic,1,Winter,,
2019-02-13,42.25539,-70.178843,Acoustic,1,Winter,,
2019-02-15,42.25539,-70.178843,Acoustic,1,Winter,,
2019-02-17,42.25539,-70.178843,Acoustic,1,Winter,,
2019-02-21,42.25539,-70.178843,Acoustic,1,Winter,,
2019-02-22,42.25539,-70.178843,Acoustic,1,Winter,,
2019-02-27,42.25539,-70.178843,Acoustic,1,Winter,,
2019-03-01,42.25539,-70.178843,Acoustic,1,Spring,,
2019-03-03,42.25539,-70.178843,Acoustic,1,Spring,,
2019-03-09,42.25539,-70.178843,Acoustic,1,Spring,,
2019-03-11,42.25539,-70.178843,Acoustic,1,Spring,,
2019-03-15,42.25539,-70.178843,Acoustic,1,Spring,,
2019-03-16,42.25539,-70.178843,Acoustic,1,Spring,,
2019-03-17,42.25539,-70.178843,Acoustic,1,Spring,,
2019-03-20,42.25539,-70.178843,Acoustic,1,Spring,,
2019-03-24,42.25539,-70.178843,Acoustic,1,Spring,,
2019-03-25,42.25539,-70.178843,Acoustic,1,Spring,,
2019-03-27,42.25539,-70.178843,Acoustic,1,Spring,,
2019-03-30,42.25539,-70.178843,Acoustic,1,Spring,,
2019-03-31,42.25539,-70.178843,Acoustic,1,Spring,,
2019-04-02,42.25539,-70.178843,Acoustic,1,Spring,,
2020-02-10,42.470965,-70.2426433,Acoustic,1,Winter,,
2020-02-11,42.470965,-70.2426433,Acoustic,1,Winter,,
2020-02-13,42.470965,-70.2426433,Acoustic,1,Winter,,
2020-02-19,42.470965,-70.2426433,Acoustic,1,Winter,,
2020-02-28,42.470965,-70.2426433,Acoustic,1,Winter,,
2020-03-05,42.470965,-70.2426433,Acoustic,1,Spring,,
2020-03-14,42.470965,-70.2426433,Acoustic,1,Spring,,
2020-03-17,42.470965,-70.2426433,Acoustic,1,Spring,,
2020-03-22,42.470965,-70.2426433,Acoustic,1,Spring,,
2020-03-23,42.470965,-70.2426433,Acoustic,1,Spring,,
2020-03-24,42.470965,-70.2426433,Acoustic,1,Spring,,
2020-03-25,42.470965,-70.2426433,Acoustic,1,Spring,,
2020-03-26,42.470965,-70.2426433,Acoustic,1,Spring,,
2020-03-27,42.470965,-70.2426433,Acoustic,1,Spring,,
2020-03-29,42.470965,-70.2426433,Acoustic,1,Spring,,
2020-03-30,42.470965,-70.2426433,Acoustic,1,Spring,,
2020-04-02,42.470965,-70.2426433,Acoustic,1,Spring,,
2020-04-05,42.470965,-70.2426433,Acoustic,1,Spring,,
2020-04-06,42.470965,-70.2426433,Acoustic,1,Spring,,
2020-04-07,42.470965,-70.2426433,Acoustic,1,Spring,,
2020-07-05,42.437455,-70.545987,Acoustic,1,Summer,,
2019-04-08,42.4713583,-70.2427633,Acoustic,1,Spring,,
2019-04-10,42.4713583,-70.2427633,Acoustic,1,Spring,,
2019-04-12,42.4713583,-70.2427633,Acoustic,1,Spring,,
2019-04-13,42.4713583,-70.2427633,Acoustic,1,Spring,,
2019-04-15,42.4713583,-70.2427633,Acoustic,1,Spring,,
2019-04-19,42.4713583,-70.2427633,Acoustic,1,Spring,,
2019-04-22,42.4713583,-70.2427633,Acoustic,1,Spring,,
2019-04-23,42.4713583,-70.2427633,Acoustic,1,Spring,,
2019-04-24,42.4713583,-70.2427633,Acoustic,1,Spring,,
2019-04-30,42.4713583,-70.2427633,Acoustic,1,Spring,,
2019-05-09,42.4713583,-70.2427633,Acoustic,1,Spring,,
2019-08-19,42.2555167,-70.179065,Acoustic,1,Summer,,
2020-04-08,42.254995,-70.17908,Acoustic,1,Spring,,
2020-04-09,42.254995,-70.17908,Acoustic,1,Spring,,
2020-04-10,42.254995,-70.17908,Acoustic,1,Spring,,
2020-04-12,42.254995,-70.17908,Acoustic,1,Spring,,
2020-04-13,42.254995,-70.17908,Acoustic,1,Spring,,
2020-04-15,42.254995,-70.17908,Acoustic,1,Spring,,
2020-04-16,42.254995,-70.17908,Acoustic,1,Spring,,
2020-04-17,42.254995,-70.17908,Acoustic,1,Spring,,
2020-04-19,42.254995,-70.17908,Acoustic,1,Spring,,
2020-04-20,42.254995,-70.17908,Acoustic,1,Spring,,
2020-04-21,42.254995,-70.17908,Acoustic,1,Spring,,
2020-04-26,42.254995,-70.17908,Acoustic,1,Spring,,
2020-04-30,42.254995,-70.17908,Acoustic,1,Spring,,
2018-12-16,31.396417,-80.8904,Acoustic,1,Winter,,
2018-12-27,31.396417,-80.8904,Acoustic,1,Winter,,
2019-01-14,31.396417,-80.8904,Acoustic,1,Winter,,
2020-02-07,42.4369267,-70.5458567,Acoustic,1,Winter,,
2020-02-11,42.4369267,-70.5458567,Acoustic,1,Winter,,
2020-02-12,42.4369267,-70.5458567,Acoustic,1,Winter,,
2020-02-15,42.4369267,-70.5458567,Acoustic,1,Winter,,
2020-02-16,42.4369267,-70.5458567,Acoustic,1,Winter,,
2020-03-11,42.4369267,-70.5458567,Acoustic,1,Spring,,
2020-03-12,42.4369267,-70.5458567,Acoustic,1,Spring,,
2020-03-13,42.4369267,-70.5458567,Acoustic,1,Spring,,
2020-03-17,42.4369267,-70.5458567,Acoustic,1,Spring,,
2020-03-18,42.4369267,-70.5458567,Acoustic,1,Spring,,
2020-03-19,42.4369267,-70.5458567,Acoustic,1,Spring,,
2020-03-21,42.4369267,-70.5458567,Acoustic,1,Spring,,
2020-03-22,42.4369267,-70.5458567,Acoustic,1,Spring,,
2020-03-23,42.4369267,-70.5458567,Acoustic,1,Spring,,
2020-03-24,42.4369267,-70.5458567,Acoustic,1,Spring,,
2020-03-25,42.4369267,-70.5458567,Acoustic,1,Spring,,
2020-03-26,42.4369267,-70.5458567,Acoustic,1,Spring,,
2020-03-27,42.4369267,-70.5458567,Acoustic,1,Spring,,
2020-03-28,42.4369267,-70.5458567,Acoustic,1,Spring,,
2020-03-29,42.4369267,-70.5458567,Acoustic,1,Spring,,
2020-03-30,42.4369267,-70.5458567,Acoustic,1,Spring,,
2020-03-31,42.4369267,-70.5458567,Acoustic,1,Spring,,
2020-04-01,42.4369267,-70.5458567,Acoustic,1,Spring,,
2020-04-02,42.4369267,-70.5458567,Acoustic,1,Spring,,
2020-04-03,42.4369267,-70.5458567,Acoustic,1,Spring,,
2020-04-04,42.4369267,-70.5458567,Acoustic,1,Spring,,
2020-04-06,42.4369267,-70.5458567,Acoustic,1,Spring,,
2019-11-25,31.396417,-80.8904,Acoustic,1,Fall,,
2019-12-24,31.396417,-80.8904,Acoustic,1,Winter,,
2018-11-15,42.470793,-70.24294,Acoustic,1,Fall,,
2018-11-17,42.470793,-70.24294,Acoustic,1,Fall,,
2018-12-07,42.470793,-70.24294,Acoustic,1,Winter,,
2019-12-10,42.2553933,-70.1794483,Acoustic,1,Winter,,
2019-12-17,42.2553933,-70.1794483,Acoustic,1,Winter,,
2019-12-27,42.2553933,-70.1794483,Acoustic,1,Winter,,
2019-12-28,42.2553933,-70.1794483,Acoustic,1,Winter,,
2019-12-31,42.2553933,-70.1794483,Acoustic,1,Winter,,
2020-01-01,42.2553933,-70.1794483,Acoustic,1,Winter,,
2020-04-07,42.437243,-70.54595,Acoustic,1,Spring,,
2020-04-08,42.437243,-70.54595,Acoustic,1,Spring,,
2020-04-09,42.437243,-70.54595,Acoustic,1,Spring,,
2020-04-12,42.437243,-70.54595,Acoustic,1,Spring,,
2020-04-13,42.437243,-70.54595,Acoustic,1,Spring,,
2020-04-14,42.437243,-70.54595,Acoustic,1,Spring,,
2020-04-15,42.437243,-70.54595,Acoustic,1,Spring,,
2020-04-16,42.437243,-70.54595,Acoustic,1,Spring,,
2020-04-17,42.437243,-70.54595,Acoustic,1,Spring,,
2020-04-20,42.437243,-70.54595,Acoustic,1,Spring,,
2020-04-21,42.437243,-70.54595,Acoustic,1,Spring,,
2020-07-09,42.254985,-70.179125,Acoustic,1,Summer,,
2020-08-12,42.254985,-70.179125,Acoustic,1,Summer,,
2019-11-30,42.25553,-70.1789733,Acoustic,1,Fall,,
2019-12-03,42.25553,-70.1789733,Acoustic,1,Winter,,
2019-12-10,42.4709883,-70.2423467,Acoustic,1,Winter,,
2019-12-16,42.4709883,-70.2423467,Acoustic,1,Winter,,
2019-12-17,42.4709883,-70.2423467,Acoustic,1,Winter,,
2019-12-20,42.4709883,-70.2423467,Acoustic,1,Winter,,
2019-12-28,42.4709883,-70.2423467,Acoustic,1,Winter,,
2019-12-31,42.4709883,-70.2423467,Acoustic,1,Winter,,
2020-01-03,42.4709883,-70.2423467,Acoustic,1,Winter,,
2020-01-04,42.4709883,-70.2423467,Acoustic,1,Winter,,
2020-01-07,42.4709883,-70.2423467,Acoustic,1,Winter,,
2020-01-08,42.4709883,-70.2423467,Acoustic,1,Winter,,
2020-01-10,42.4709883,-70.2423467,Acoustic,1,Winter,,
2020-01-12,42.4709883,-70.2423467,Acoustic,1,Winter,,
2020-01-13,42.4709883,-70.2423467,Acoustic,1,Winter,,
2020-01-14,42.4709883,-70.2423467,Acoustic,1,Winter,,
2020-01-15,42.4709883,-70.2423467,Acoustic,1,Winter,,
2020-01-16,42.4709883,-70.2423467,Acoustic,1,Winter,,
2020-01-18,42.4709883,-70.2423467,Acoustic,1,Winter,,
2020-01-22,42.4709883,-70.2423467,Acoustic,1,Winter,,
2020-01-23,42.4709883,-70.2423467,Acoustic,1,Winter,,
2020-01-24,42.4709883,-70.2423467,Acoustic,1,Winter,,
2020-01-29,42.4709883,-70.2423467,Acoustic,1,Winter,,
2018-11-17,42.25541,-70.178607,Acoustic,1,Fall,,
2018-12-04,42.25541,-70.178607,Acoustic,1,Winter,,
2018-12-05,42.25541,-70.178607,Acoustic,1,Winter,,
2018-12-07,42.25541,-70.178607,Acoustic,1,Winter,,
2018-12-27,42.25541,-70.178607,Acoustic,1,Winter,,
2020-12-22,31.396417,-80.8904,Acoustic,1,Winter,,
2020-12-28,31.396417,-80.8904,Acoustic,1,Winter,,
2020-12-30,31.396417,-80.8904,Acoustic,1,Winter,,
2021-01-02,31.396417,-80.8904,Acoustic,1,Winter,,
2021-01-11,31.396417,-80.8904,Acoustic,1,Winter,,
2021-01-17,31.396417,-80.8904,Acoustic,1,Winter,,
2021-01-18,31.396417,-80.8904,Acoustic,1,Winter,,
2021-01-20,31.396417,-80.8904,Acoustic,1,Winter,,
2021-01-27,31.396417,-80.8904,Acoustic,1,Winter,,
2019-01-30,42.43668,-70.546655,Acoustic,1,Winter,,
2019-03-02,42.43668,-70.546655,Acoustic,1,Spring,,
2019-03-12,42.43668,-70.546655,Acoustic,1,Spring,,
2019-03-13,42.43668,-70.546655,Acoustic,1,Spring,,
2019-03-19,42.43668,-70.546655,Acoustic,1,Spring,,
2019-03-26,42.43668,-70.546655,Acoustic,1,Spring,,
2019-03-28,42.43668,-70.546655,Acoustic,1,Spring,,
2019-03-30,42.43668,-70.546655,Acoustic,1,Spring,,
2019-03-31,42.43668,-70.546655,Acoustic,1,Spring,,
2018-01-27,41.9,-70.4,Visual,1,Winter,,
2018-01-26,36.56,-74.89,Visual,1,Winter,,
2018-01-23,36.55,-74.35,Visual,1,Winter,,
2018-01-24,41.81,-69.89,Visual,1,Winter,,
2018-01-22,26.05,-81.81,Visual,1,Winter,,
2018-01-22,35.25,-75.49,Visual,1,Winter,,
2018-01-22,26.11,-81.81,Visual,1,Winter,,
2018-01-21,40.8,-70.02,Visual,1,Winter,,
2018-01-21,40.76,-70.01,Visual,1,Winter,,
2018-01-21,40.7,-70.17,Visual,1,Winter,,
2018-01-21,40.72,-70.11,Visual,1,Winter,,
2018-01-21,40.83,-70.15,Visual,1,Winter,,
2018-01-21,40.82,-70.15,Visual,1,Winter,,
2018-01-21,40.83,-70.16,Visual,1,Winter,,
2018-01-21,40.91,-70.39,Visual,1,Winter,,
2018-01-21,40.93,-70.14,Visual,1,Winter,,
2018-01-21,41.05,-70.95,Visual,1,Winter,,
2018-01-19,41.81,-70.34,Visual,1,Winter,,
2018-01-19,41.85,-70.36,Visual,1,Winter,,
2018-01-19,41.9,-70.21,Visual,1,Winter,,
2018-01-19,41.89,-70.21,Visual,1,Winter,,
2018-01-19,41.9,-70.22,Visual,1,Winter,,
2018-01-19,41.88,-70.31,Visual,1,Winter,,
2018-01-15,30.15,-85.77,Visual,1,Winter,,
2018-01-16,42.01,-70.48,Visual,1,Winter,,
2018-01-16,41.84,-70.22,Visual,1,Winter,,
2018-01-16,41.88,-70.33,Visual,1,Winter,,
2018-01-16,41.89,-70.32,Visual,1,Winter,,
2018-01-16,41.9,-70.33,Visual,1,Winter,,
2018-01-16,41.87,-70.34,Visual,1,Winter,,
2018-01-16,41.86,-70.34,Visual,1,Winter,,
2018-01-16,41.87,-70.33,Visual,1,Winter,,
2018-01-16,41.88,-70.34,Visual,1,Winter,,
2018-01-10,41.84,-70.42,Visual,1,Winter,,
2018-01-10,41.8,-70.47,Visual,1,Winter,,
2018-01-10,40.45,-72.81,Visual,1,Winter,,
2018-01-08,41.86,-70.46,Visual,1,Winter,,
2017-12-24,42.06,-70.26,Visual,1,Winter,,
2017-12-05,47.36,-61.06,Visual,1,Winter,,
2017-11-14,50.03,-64.47,Visual,1,Fall,,
2017-11-14,50.01,-64.43,Visual,1,Fall,,
2017-11-13,47.62,-62.28,Visual,1,Fall,,
2017-11-13,47.65,-62.29,Visual,1,Fall,,
2017-11-13,47.61,-62.32,Visual,1,Fall,,
2017-11-13,47.63,-62.45,Visual,1,Fall,,
2017-11-13,47.33,-62.69,Visual,1,Fall,,
2017-11-13,47.32,-62.69,Visual,1,Fall,,
2017-11-13,47.43,-62.78,Visual,1,Fall,,
2017-11-13,47.44,-62.74,Visual,1,Fall,,
2017-11-12,47.54,-62.5,Visual,1,Fall,,
2017-11-09,47.54,-62.58,Visual,1,Fall,,
2017-11-09,47.54,-62.57,Visual,1,Fall,,
2017-11-09,47.53,-62.56,Visual,1,Fall,,
2017-11-09,47.48,-62.55,Visual,1,Fall,,
2017-11-09,47.43,-62.55,Visual,1,Fall,,
2017-11-09,47.44,-62.53,Visual,1,Fall,,
2017-11-09,47.44,-62.52,Visual,1,Fall,,
2017-11-09,47.43,-62.53,Visual,1,Fall,,
2017-11-02,47.42,-61.77,Visual,1,Fall,,
2017-11-02,47.63,-62.62,Visual,1,Fall,,
2017-12-12,47.17,-60.92,Visual,1,Winter,,
2017-12-12,39.12,-74.19,Visual,1,Winter,,
2017-11-21,41.78,-70.23,Visual,1,Fall,,
2017-12-02,50.07,-64.8,Visual,1,Winter,,
2017-12-02,49.97,-64.76,Visual,1,Winter,,
2017-11-19,36.04,-75.67,Visual,1,Fall,,
2017-11-28,40.91,-70.03,Visual,1,Fall,,
2017-11-29,41.36,-70.45,Visual,1,Fall,,
2017-11-26,41.28,-70.21,Visual,1,Fall,,
2017-11-23,40.99,-70.78,Visual,1,Fall,,
2017-11-09,40.66,-71.43,Visual,1,Fall,,
2017-10-29,47.75,-62.53,Visual,1,Fall,,
2017-10-29,47.75,-63.0,Visual,1,Fall,,
2017-10-29,47.77,-63.15,Visual,1,Fall,,
2017-10-29,47.78,-63.15,Visual,1,Fall,,
2017-10-29,47.57,-63.15,Visual,1,Fall,,
2017-10-29,47.61,-63.15,Visual,1,Fall,,
2017-10-29,47.68,-63.12,Visual,1,Fall,,
2017-10-29,47.7,-63.13,Visual,1,Fall,,
2017-10-29,47.69,-63.13,Visual,1,Fall,,
2017-10-29,47.57,-63.16,Visual,1,Fall,,
2017-10-23,41.45,-70.86,Visual,1,Fall,,
2017-10-22,38.29,-74.02,Visual,1,Fall,,
2017-10-07,47.94,-60.98,Visual,1,Fall,,
2017-10-07,43.97,-68.13,Visual,1,Fall,,
2017-10-03,41.23,-70.01,Visual,1,Fall,,
2017-09-21,48.53,-62.2,Visual,1,Fall,,
2017-09-20,48.01,-62.57,Visual,1,Fall,,
2017-09-20,48.02,-62.58,Visual,1,Fall,,
2017-09-17,49.92,-63.42,Visual,1,Fall,,
2017-09-14,50.02,-64.33,Visual,1,Fall,,
2017-09-12,48.71,-63.24,Visual,1,Fall,,
2017-09-12,40.95,-70.12,Visual,1,Fall,,
2017-09-09,50.04,-64.34,Visual,1,Fall,,
2017-09-11,49.44,-65.94,Visual,1,Fall,,
2017-09-06,50.04,-64.46,Visual,1,Fall,,
2017-09-03,50.03,-64.5,Visual,1,Fall,,
2017-09-01,46.8,-54.65,Visual,1,Fall,,
2017-08-25,50.03,-64.22,Visual,1,Summer,,
2017-08-30,50.03,-64.58,Visual,1,Summer,,
2017-08-30,48.46,-63.67,Visual,1,Summer,,
2017-08-30,48.45,-63.73,Visual,1,Summer,,
2017-08-30,48.46,-63.74,Visual,1,Summer,,
2017-08-30,48.47,-63.68,Visual,1,Summer,,
2017-08-30,48.46,-63.69,Visual,1,Summer,,
2017-08-30,48.47,-63.74,Visual,1,Summer,,
2017-08-30,48.47,-63.72,Visual,1,Summer,,
2017-08-30,48.46,-63.73,Visual,1,Summer,,
2017-08-30,48.48,-63.67,Visual,1,Summer,,
2017-08-30,48.35,-63.92,Visual,1,Summer,,
2017-08-30,48.46,-63.76,Visual,1,Summer,,
2017-08-30,48.4,-63.83,Visual,1,Summer,,
2017-08-30,48.45,-63.75,Visual,1,Summer,,
2017-08-30,48.45,-63.8,Visual,1,Summer,,
2017-08-30,48.46,-63.8,Visual,1,Summer,,
2017-08-30,48.43,-63.83,Visual,1,Summer,,
2017-08-30,48.46,-63.83,Visual,1,Summer,,
2017-08-30,48.46,-63.82,Visual,1,Summer,,
2017-08-30,48.45,-63.79,Visual,1,Summer,,
2017-08-30,48.47,-63.75,Visual,1,Summer,,
2017-08-29,50.02,-64.67,Visual,1,Summer,,
2017-08-28,48.5,-63.68,Visual,1,Summer,,
2017-08-28,48.52,-63.73,Visual,1,Summer,,
2017-08-28,48.49,-63.71,Visual,1,Summer,,
2017-08-28,48.59,-63.24,Visual,1,Summer,,
2017-08-28,48.74,-63.31,Visual,1,Summer,,
2017-08-28,48.26,-64.41,Visual,1,Summer,,
2017-08-27,48.22,-64.5,Visual,1,Summer,,
2017-08-27,48.26,-64.45,Visual,1,Summer,,
2017-08-27,48.29,-64.42,Visual,1,Summer,,
2017-08-27,48.22,-63.62,Visual,1,Summer,,
2017-08-27,48.23,-63.68,Visual,1,Summer,,
2017-08-26,48.52,-63.74,Visual,1,Summer,,
2017-08-26,48.52,-63.75,Visual,1,Summer,,
2017-08-26,48.53,-63.76,Visual,1,Summer,,
2017-08-26,48.54,-63.81,Visual,1,Summer,,
2017-08-26,48.21,-63.66,Visual,1,Summer,,
2017-08-26,48.12,-63.47,Visual,1,Summer,,
2017-08-25,48.74,-63.84,Visual,1,Summer,,
2017-08-25,48.64,-63.4,Visual,1,Summer,,
2017-08-25,48.6,-63.52,Visual,1,Summer,,
2017-08-25,48.5,-63.73,Visual,1,Summer,,
2017-08-22,48.7,-63.81,Visual,1,Summer,,
2017-08-22,48.67,-63.58,Visual,1,Summer,,
2017-08-22,48.56,-63.58,Visual,1,Summer,,
2017-08-22,48.54,-63.67,Visual,1,Summer,,
2017-08-22,48.25,-64.37,Visual,1,Summer,,
2017-08-21,48.64,-63.65,Visual,1,Summer,,
2017-08-21,48.62,-63.48,Visual,1,Summer,,
2017-08-21,48.53,-63.7,Visual,1,Summer,,
2017-08-21,48.4,-63.89,Visual,1,Summer,,
2017-08-18,48.55,-63.74,Visual,1,Summer,,
2017-08-27,44.89,-66.97,Visual,1,Summer,,
2017-08-03,47.9,-64.01,Visual,1,Summer,,
2017-08-22,48.56,-63.7,Visual,1,Summer,,
2017-07-31,50.0,-64.45,Visual,1,Summer,,
2017-07-30,50.07,-64.53,Visual,1,Summer,,
2017-07-27,50.07,-64.28,Visual,1,Summer,,
2017-07-26,50.06,-64.32,Visual,1,Summer,,
2017-08-14,41.7,-67.12,Visual,1,Summer,,
2017-08-08,47.93,-63.65,Visual,1,Summer,,
2017-08-11,47.75,-63.71,Visual,1,Summer,,
2017-08-11,48.15,-63.4,Visual,1,Summer,,
2017-08-11,47.86,-63.2,Visual,1,Summer,,
2017-08-11,47.98,-64.12,Visual,1,Summer,,
2017-08-09,47.9,-64.05,Visual,1,Summer,,
2017-08-09,48.07,-63.65,Visual,1,Summer,,
2017-08-09,48.1,-63.5,Visual,1,Summer,,
2017-08-09,48.2,-63.38,Visual,1,Summer,,
2017-08-09,48.23,-63.62,Visual,1,Summer,,
2017-08-11,48.28,-63.47,Visual,1,Summer,,
2017-08-11,48.3,-63.47,Visual,1,Summer,,
2017-08-11,48.29,-63.47,Visual,1,Summer,,
2017-08-11,48.23,-63.45,Visual,1,Summer,,
2017-08-11,48.26,-63.31,Visual,1,Summer,,
2017-08-10,47.85,-64.02,Visual,1,Summer,,
2017-08-09,44.56,-66.48,Visual,1,Summer,,
2017-08-08,47.92,-64.02,Visual,1,Summer,,
2017-08-08,48.02,-63.83,Visual,1,Summer,,
2017-08-08,48.02,-63.73,Visual,1,Summer,,
2017-08-08,48.02,-63.72,Visual,1,Summer,,
2017-08-02,48.09,-63.69,Visual,1,Summer,,
2017-08-02,48.07,-63.7,Visual,1,Summer,,
2017-08-02,48.06,-63.7,Visual,1,Summer,,
2017-08-02,48.05,-63.71,Visual,1,Summer,,
2017-08-02,48.02,-63.74,Visual,1,Summer,,
2017-08-02,48.04,-63.74,Visual,1,Summer,,
2017-08-02,48.04,-63.73,Visual,1,Summer,,
2017-08-02,48.03,-63.73,Visual,1,Summer,,
2017-08-02,48.02,-63.75,Visual,1,Summer,,
2017-08-02,48.02,-63.8,Visual,1,Summer,,
2017-08-02,48.02,-63.84,Visual,1,Summer,,
2017-08-02,47.94,-63.83,Visual,1,Summer,,
2017-08-01,47.68,-64.04,Visual,1,Summer,,
2017-08-01,47.82,-64.03,Visual,1,Summer,,
2017-08-01,47.82,-64.02,Visual,1,Summer,,
2017-08-01,47.85,-64.02,Visual,1,Summer,,
2017-08-01,47.88,-64.03,Visual,1,Summer,,
2017-08-02,44.83,-66.61,Visual,1,Summer,,
2017-08-02,44.8,-66.58,Visual,1,Summer,,
2017-08-02,44.77,-66.63,Visual,1,Summer,,
2017-08-01,44.73,-66.6,Visual,1,Summer,,
2017-08-01,44.88,-66.37,Visual,1,Summer,,
2017-08-01,44.88,-66.38,Visual,1,Summer,,
2017-08-01,44.87,-66.38,Visual,1,Summer,,
2017-08-01,44.86,-66.43,Visual,1,Summer,,
2017-08-01,44.85,-66.42,Visual,1,Summer,,
2017-08-01,44.86,-66.44,Visual,1,Summer,,
2017-08-01,44.87,-66.48,Visual,1,Summer,,
2017-08-01,44.87,-66.47,Visual,1,Summer,,
2017-08-01,44.88,-66.44,Visual,1,Summer,,
2017-08-01,44.91,-66.42,Visual,1,Summer,,
2017-07-30,43.66,-70.12,Visual,1,Summer,,
2017-07-31,44.83,-66.66,Visual,1,Summer,,
2017-07-31,44.8,-66.51,Visual,1,Summer,,
2017-07-31,44.79,-66.73,Visual,1,Summer,,
2017-07-29,48.03,-62.92,Visual,1,Summer,,
2017-07-29,47.65,-63.65,Visual,1,Summer,,
2017-07-29,47.79,-63.72,Visual,1,Summer,,
2017-07-29,47.72,-64.02,Visual,1,Summer,,
2017-07-29,44.74,-66.61,Visual,1,Summer,,
2017-07-29,44.74,-66.6,Visual,1,Summer,,
2017-07-29,44.74,-66.59,Visual,1,Summer,,
2017-07-29,44.74,-66.58,Visual,1,Summer,,
2017-07-29,44.72,-66.55,Visual,1,Summer,,
2017-07-29,44.7,-66.54,Visual,1,Summer,,
2017-07-29,44.69,-66.54,Visual,1,Summer,,
2017-07-29,44.68,-66.54,Visual,1,Summer,,
2017-07-29,44.67,-66.54,Visual,1,Summer,,
2017-07-29,44.67,-66.53,Visual,1,Summer,,
2017-07-29,44.82,-66.43,Visual,1,Summer,,
2017-07-29,44.83,-66.45,Visual,1,Summer,,
2017-07-29,44.79,-66.48,Visual,1,Summer,,
2017-07-29,44.78,-66.48,Visual,1,Summer,,
2017-07-29,44.78,-66.49,Visual,1,Summer,,
2017-07-29,44.78,-66.51,Visual,1,Summer,,
2017-07-29,44.74,-66.55,Visual,1,Summer,,
2017-07-26,41.24,-70.09,Visual,1,Summer,,
2017-07-26,41.25,-70.17,Visual,1,Summer,,
2017-07-27,41.21,-70.12,Visual,1,Summer,,
2017-07-27,41.23,-70.14,Visual,1,Summer,,
2017-07-21,47.86,-63.76,Visual,1,Summer,,
2017-07-21,47.52,-64.2,Visual,1,Summer,,
2017-07-21,47.54,-64.21,Visual,1,Summer,,
2017-07-20,47.78,-63.92,Visual,1,Summer,,
2017-07-20,47.8,-63.93,Visual,1,Summer,,
2017-07-20,47.79,-63.9,Visual,1,Summer,,
2017-07-20,47.76,-63.91,Visual,1,Summer,,
2017-07-20,47.79,-63.91,Visual,1,Summer,,
2017-07-20,47.79,-63.92,Visual,1,Summer,,
2017-07-20,47.86,-63.9,Visual,1,Summer,,
2017-07-26,47.62,-64.13,Visual,1,Summer,,
2017-07-26,47.83,-63.8,Visual,1,Summer,,
2017-07-26,47.77,-64.0,Visual,1,Summer,,
2017-07-26,47.6,-63.5,Visual,1,Summer,,
2017-07-26,44.73,-66.5,Visual,1,Summer,,
2017-07-26,44.73,-66.49,Visual,1,Summer,,
2017-07-26,44.86,-66.51,Visual,1,Summer,,
2017-07-26,44.86,-66.48,Visual,1,Summer,,
2017-07-25,48.02,-62.77,Visual,1,Summer,,
2017-07-25,50.07,-64.37,Visual,1,Summer,,
2017-07-23,41.24,-70.09,Visual,1,Summer,,
2017-07-24,47.69,-64.18,Visual,1,Summer,,
2017-07-24,47.82,-63.86,Visual,1,Summer,,
2017-07-21,47.6,-63.46,Visual,1,Summer,,
2017-07-21,47.53,-64.14,Visual,1,Summer,,
2017-07-21,47.8,-63.9,Visual,1,Summer,,
2017-07-21,47.86,-63.89,Visual,1,Summer,,
2017-07-21,47.9,-63.82,Visual,1,Summer,,
2017-07-17,49.91,-63.45,Visual,1,Summer,,
2017-07-20,47.47,-63.45,Visual,1,Summer,,
2017-07-20,47.91,-63.74,Visual,1,Summer,,
2017-07-20,47.9,-63.75,Visual,1,Summer,,
2017-07-20,47.92,-63.73,Visual,1,Summer,,
2017-07-20,47.91,-63.75,Visual,1,Summer,,
2017-07-20,47.92,-63.74,Visual,1,Summer,,
2017-07-20,47.89,-63.73,Visual,1,Summer,,
2017-07-20,47.89,-63.75,Visual,1,Summer,,
2017-07-20,47.87,-63.75,Visual,1,Summer,,
2017-07-20,47.86,-63.76,Visual,1,Summer,,
2017-07-20,47.85,-63.76,Visual,1,Summer,,
2017-07-20,47.88,-63.74,Visual,1,Summer,,
2017-07-20,47.86,-63.75,Visual,1,Summer,,
2017-07-20,47.87,-63.76,Visual,1,Summer,,
2017-07-20,47.85,-63.74,Visual,1,Summer,,
2017-07-20,47.62,-63.47,Visual,1,Summer,,
2017-07-20,47.59,-63.46,Visual,1,Summer,,
2017-07-20,47.6,-63.46,Visual,1,Summer,,
2017-07-20,47.58,-63.45,Visual,1,Summer,,
2017-07-20,47.6,-63.44,Visual,1,Summer,,
2017-07-20,47.6,-63.47,Visual,1,Summer,,
2017-07-20,47.58,-63.46,Visual,1,Summer,,
2017-07-19,41.24,-70.03,Visual,1,Summer,,
2017-07-19,47.58,-63.99,Visual,1,Summer,,
2017-07-19,47.92,-63.9,Visual,1,Summer,,
2017-07-19,47.68,-64.06,Visual,1,Summer,,
2017-07-19,47.56,-64.1,Visual,1,Summer,,
2017-07-17,41.24,-69.99,Visual,1,Summer,,
2017-07-15,41.23,-70.01,Visual,1,Summer,,
2017-07-16,41.26,-70.01,Visual,1,Summer,,
2017-07-10,41.24,-70.01,Visual,1,Summer,,
2017-07-15,41.24,-70.08,Visual,1,Summer,,
2017-07-15,41.25,-70.09,Visual,1,Summer,,
2017-07-15,42.77,-70.62,Visual,1,Summer,,
2017-07-15,42.89,-70.54,Visual,1,Summer,,
2017-07-10,47.8,-63.92,Visual,1,Summer,,
2017-07-10,47.79,-63.92,Visual,1,Summer,,
2017-07-10,47.81,-63.89,Visual,1,Summer,,
2017-07-10,47.81,-63.92,Visual,1,Summer,,
2017-07-10,47.8,-63.91,Visual,1,Summer,,
2017-07-10,47.8,-63.88,Visual,1,Summer,,
2017-07-10,47.79,-63.89,Visual,1,Summer,,
2017-07-10,47.8,-63.89,Visual,1,Summer,,
2017-07-10,47.81,-63.91,Visual,1,Summer,,
2017-07-10,47.83,-63.9,Visual,1,Summer,,
2017-07-10,47.82,-63.89,Visual,1,Summer,,
2017-07-10,47.83,-63.89,Visual,1,Summer,,
2017-07-10,47.82,-63.85,Visual,1,Summer,,
2017-07-10,47.83,-63.85,Visual,1,Summer,,
2017-07-10,47.73,-63.97,Visual,1,Summer,,
2017-07-10,47.77,-63.97,Visual,1,Summer,,
2017-07-10,47.84,-64.04,Visual,1,Summer,,
2017-07-10,47.72,-64.01,Visual,1,Summer,,
2017-07-10,47.71,-64.01,Visual,1,Summer,,
2017-07-10,47.64,-64.0,Visual,1,Summer,,
2017-07-10,41.23,-70.08,Visual,1,Summer,,
2017-07-10,41.24,-70.07,Visual,1,Summer,,
2017-07-10,41.24,-70.05,Visual,1,Summer,,
2017-07-08,47.5,-63.62,Visual,1,Summer,,
2017-07-08,47.6,-64.1,Visual,1,Summer,,
2017-07-08,47.28,-63.75,Visual,1,Summer,,
2017-07-08,47.71,-64.01,Visual,1,Summer,,
2017-07-08,47.71,-64.02,Visual,1,Summer,,
2017-07-08,47.73,-64.07,Visual,1,Summer,,
2017-07-08,47.74,-64.13,Visual,1,Summer,,
2017-07-08,47.36,-63.75,Visual,1,Summer,,
2017-07-08,47.69,-64.03,Visual,1,Summer,,
2017-07-08,47.69,-64.04,Visual,1,Summer,,
2017-07-08,47.7,-64.13,Visual,1,Summer,,
2017-07-08,47.61,-64.1,Visual,1,Summer,,
2017-07-08,47.6,-64.08,Visual,1,Summer,,
2017-07-08,47.61,-64.07,Visual,1,Summer,,
2017-07-08,47.61,-64.08,Visual,1,Summer,,
2017-07-08,47.62,-64.07,Visual,1,Summer,,
2017-07-08,47.58,-64.07,Visual,1,Summer,,
2017-07-08,47.61,-64.06,Visual,1,Summer,,
2017-07-08,47.62,-64.06,Visual,1,Summer,,
2017-07-08,47.65,-64.05,Visual,1,Summer,,
2017-07-08,47.63,-64.04,Visual,1,Summer,,
2017-07-08,47.63,-64.06,Visual,1,Summer,,
2017-07-08,47.58,-63.63,Visual,1,Summer,,
2017-07-08,47.58,-63.62,Visual,1,Summer,,
2017-07-09,41.03,-70.01,Visual,1,Summer,,
2017-07-08,47.71,-64.11,Visual,1,Summer,,
2017-07-08,47.74,-63.91,Visual,1,Summer,,
2017-07-08,47.75,-63.96,Visual,1,Summer,,
2017-07-08,47.75,-63.98,Visual,1,Summer,,
2017-07-08,47.76,-64.0,Visual,1,Summer,,
2017-07-08,47.75,-64.01,Visual,1,Summer,,
2017-07-08,47.76,-64.02,Visual,1,Summer,,
2017-07-08,47.75,-64.08,Visual,1,Summer,,
2017-07-08,47.64,-63.89,Visual,1,Summer,,
2017-07-08,47.64,-63.88,Visual,1,Summer,,
2017-07-08,47.47,-63.6,Visual,1,Summer,,
2017-07-08,47.47,-63.59,Visual,1,Summer,,
2017-07-08,47.45,-63.8,Visual,1,Summer,,
2017-07-04,41.24,-69.99,Visual,1,Summer,,
2017-07-07,41.24,-70.09,Visual,1,Summer,,
2017-07-05,47.35,-61.95,Visual,1,Summer,,
2017-07-05,47.42,-63.54,Visual,1,Summer,,
2017-07-05,47.43,-63.53,Visual,1,Summer,,
2017-07-05,47.43,-63.52,Visual,1,Summer,,
2017-07-05,47.42,-63.52,Visual,1,Summer,,
2017-07-05,47.41,-63.53,Visual,1,Summer,,
2017-07-05,47.42,-63.53,Visual,1,Summer,,
2017-07-05,47.44,-63.54,Visual,1,Summer,,
2017-07-05,47.42,-63.51,Visual,1,Summer,,
2017-07-05,47.43,-63.51,Visual,1,Summer,,
2017-07-05,47.51,-63.72,Visual,1,Summer,,
2017-07-05,47.58,-63.66,Visual,1,Summer,,
2017-07-05,47.52,-63.63,Visual,1,Summer,,
2017-07-05,47.5,-63.61,Visual,1,Summer,,
2017-07-05,47.51,-63.63,Visual,1,Summer,,
2017-07-05,47.52,-63.64,Visual,1,Summer,,
2017-07-05,47.51,-63.62,Visual,1,Summer,,
2017-07-05,47.53,-63.64,Visual,1,Summer,,
2017-07-05,47.53,-63.67,Visual,1,Summer,,
2017-07-05,47.54,-63.68,Visual,1,Summer,,
2017-07-05,47.54,-63.67,Visual,1,Summer,,
2017-07-06,41.21,-70.05,Visual,1,Summer,,
2017-07-04,41.6,-69.95,Visual,1,Summer,,
2017-07-05,47.27,-63.64,Visual,1,Summer,,
2017-07-05,48.11,-63.48,Visual,1,Summer,,
2017-07-05,41.22,-70.05,Visual,1,Summer,,
2017-07-03,41.21,-70.04,Visual,1,Summer,,
2017-07-04,47.48,-63.59,Visual,1,Summer,,
2017-07-04,47.48,-63.6,Visual,1,Summer,,
2017-07-04,47.47,-63.58,Visual,1,Summer,,
2017-07-04,47.49,-63.6,Visual,1,Summer,,
2017-07-04,42.63,-65.88,Visual,1,Summer,,
2017-07-03,47.5,-63.74,Visual,1,Summer,,
2017-07-03,47.49,-63.73,Visual,1,Summer,,
2017-07-03,47.52,-63.75,Visual,1,Summer,,
2017-06-29,47.71,-63.62,Visual,1,Summer,,
2017-06-29,47.48,-63.6,Visual,1,Summer,,
2017-06-29,47.75,-63.63,Visual,1,Summer,,
2017-06-29,48.18,-62.72,Visual,1,Summer,,
2017-06-29,48.17,-62.84,Visual,1,Summer,,
2017-06-27,48.45,-63.33,Visual,1,Summer,,
2017-06-27,48.45,-63.32,Visual,1,Summer,,
2017-06-27,48.46,-63.32,Visual,1,Summer,,
2017-06-27,48.2,-62.94,Visual,1,Summer,,
2017-06-27,47.67,-63.17,Visual,1,Summer,,
2017-06-27,47.43,-62.49,Visual,1,Summer,,
2017-06-27,47.52,-63.53,Visual,1,Summer,,
2017-06-27,47.51,-63.52,Visual,1,Summer,,
2017-06-27,47.51,-63.53,Visual,1,Summer,,
2017-06-27,47.54,-63.53,Visual,1,Summer,,
2017-06-27,47.55,-63.53,Visual,1,Summer,,
2017-06-27,47.57,-63.51,Visual,1,Summer,,
2017-06-27,47.6,-63.44,Visual,1,Summer,,
2017-06-27,47.59,-63.46,Visual,1,Summer,,
2017-06-27,47.54,-63.48,Visual,1,Summer,,
2017-06-27,47.56,-63.49,Visual,1,Summer,,
2017-06-27,47.57,-63.49,Visual,1,Summer,,
2017-06-27,47.56,-63.48,Visual,1,Summer,,
2017-06-27,47.56,-63.47,Visual,1,Summer,,
2017-06-27,47.55,-63.47,Visual,1,Summer,,
2017-06-27,47.52,-63.5,Visual,1,Summer,,
2017-06-27,47.53,-63.5,Visual,1,Summer,,
2017-06-27,47.54,-63.5,Visual,1,Summer,,
2017-06-27,47.5,-63.5,Visual,1,Summer,,
2017-06-27,47.49,-63.52,Visual,1,Summer,,
2017-06-26,47.57,-63.51,Visual,1,Summer,,
2017-06-26,47.59,-63.49,Visual,1,Summer,,
2017-06-26,47.58,-63.49,Visual,1,Summer,,
2017-06-26,47.57,-63.5,Visual,1,Summer,,
2017-06-26,47.55,-63.5,Visual,1,Summer,,
2017-06-26,47.45,-63.45,Visual,1,Summer,,
2017-06-26,47.44,-63.45,Visual,1,Summer,,
2017-06-26,47.47,-63.46,Visual,1,Summer,,
2017-06-26,47.46,-63.47,Visual,1,Summer,,
2017-06-26,47.45,-63.47,Visual,1,Summer,,
2017-06-26,48.23,-62.96,Visual,1,Summer,,
2017-06-26,47.7,-63.08,Visual,1,Summer,,
2017-06-25,47.58,-59.96,Visual,1,Summer,,
2017-06-25,47.0,-61.78,Visual,1,Summer,,
2017-06-25,47.4,-63.46,Visual,1,Summer,,
2017-06-25,47.45,-63.48,Visual,1,Summer,,
2017-06-25,47.46,-63.48,Visual,1,Summer,,
2017-06-25,47.53,-63.5,Visual,1,Summer,,
2017-06-25,47.56,-63.48,Visual,1,Summer,,
2017-06-25,47.57,-63.47,Visual,1,Summer,,
2017-06-25,47.55,-63.49,Visual,1,Summer,,
2017-06-25,47.78,-63.52,Visual,1,Summer,,
2017-06-25,47.76,-63.51,Visual,1,Summer,,
2017-06-25,47.77,-63.52,Visual,1,Summer,,
2017-06-25,47.77,-63.54,Visual,1,Summer,,
2017-06-25,47.77,-63.53,Visual,1,Summer,,
2017-06-25,47.76,-63.48,Visual,1,Summer,,
2017-06-25,47.78,-63.53,Visual,1,Summer,,
2017-06-25,47.76,-63.5,Visual,1,Summer,,
2017-06-25,47.77,-63.5,Visual,1,Summer,,
2017-06-25,47.76,-64.05,Visual,1,Summer,,
2017-06-23,48.0,-62.33,Visual,1,Summer,,
2017-06-23,48.0,-62.34,Visual,1,Summer,,
2017-06-23,47.49,-63.25,Visual,1,Summer,,
2017-06-23,47.62,-63.22,Visual,1,Summer,,
2017-06-23,47.89,-63.3,Visual,1,Summer,,
2017-06-23,47.85,-63.28,Visual,1,Summer,,
2017-06-23,47.88,-63.3,Visual,1,Summer,,
2017-06-23,47.47,-63.46,Visual,1,Summer,,
2017-06-23,47.43,-63.37,Visual,1,Summer,,
2017-06-23,47.42,-63.37,Visual,1,Summer,,
2017-06-23,47.43,-63.42,Visual,1,Summer,,
2017-06-22,48.23,-63.03,Visual,1,Summer,,
2017-06-22,47.8,-62.68,Visual,1,Summer,,
2017-06-18,47.74,-63.36,Visual,1,Summer,,
2017-06-19,47.44,-63.58,Visual,1,Summer,,
2017-06-15,41.04,-70.06,Visual,1,Summer,,
2017-06-15,47.97,-62.23,Visual,1,Summer,,
2017-06-15,48.0,-62.23,Visual,1,Summer,,
2017-06-15,47.99,-62.23,Visual,1,Summer,,
2017-06-15,47.83,-62.25,Visual,1,Summer,,
2017-06-15,47.9,-62.24,Visual,1,Summer,,
2017-06-15,41.76,-69.83,Visual,1,Summer,,
2017-06-14,42.03,-70.17,Visual,1,Summer,,
2017-06-12,47.49,-62.92,Visual,1,Summer,,
2017-06-12,41.62,-69.62,Visual,1,Summer,,
2017-05-17,47.11,-63.44,Visual,1,Spring,,
2017-06-09,42.9,-70.37,Visual,1,Summer,,
2017-06-08,42.93,-70.48,Visual,1,Summer,,
2017-06-07,47.32,-62.86,Visual,1,Summer,,
2017-06-02,41.97,-65.58,Visual,1,Summer,,
2017-06-02,41.93,-65.56,Visual,1,Summer,,
2017-05-24,42.79,-70.26,Visual,1,Spring,,
2017-05-28,42.7,-70.38,Visual,1,Spring,,
2017-05-28,42.24,-70.24,Visual,1,Spring,,
2017-05-27,42.29,-70.24,Visual,1,Spring,,
2017-05-27,42.83,-70.28,Visual,1,Spring,,
2017-04-03,40.91,-70.33,Visual,1,Spring,,
2017-05-21,40.14,-72.25,Visual,1,Spring,,
2017-05-21,40.04,-72.32,Visual,1,Spring,,
2017-05-21,40.09,-72.29,Visual,1,Spring,,
2017-05-21,40.1,-72.25,Visual,1,Spring,,
2017-05-21,40.07,-72.33,Visual,1,Spring,,
2017-05-21,40.06,-72.3,Visual,1,Spring,,
2017-05-21,40.09,-72.35,Visual,1,Spring,,
2017-05-21,40.12,-72.32,Visual,1,Spring,,
2017-05-17,40.22,-72.28,Visual,1,Spring,,
2017-05-16,41.71,-68.94,Visual,1,Spring,,
2017-05-16,41.73,-69.04,Visual,1,Spring,,
2017-05-16,41.74,-69.09,Visual,1,Spring,,
2017-05-16,42.15,-68.8,Visual,1,Spring,,
2017-05-16,41.9,-69.36,Visual,1,Spring,,
2017-05-17,42.1,-68.28,Visual,1,Spring,,
2017-05-17,41.95,-68.83,Visual,1,Spring,,
2017-05-17,41.87,-69.08,Visual,1,Spring,,
2017-05-16,42.12,-70.25,Visual,1,Spring,,
2017-05-17,40.18,-72.36,Visual,1,Spring,,
2017-05-17,40.18,-72.34,Visual,1,Spring,,
2017-05-17,40.2,-72.26,Visual,1,Spring,,
2017-05-13,42.02,-69.11,Visual,1,Spring,,
2017-05-13,42.03,-68.96,Visual,1,Spring,,
2017-05-13,41.96,-68.69,Visual,1,Spring,,
2017-05-13,41.93,-68.84,Visual,1,Spring,,
2017-05-13,41.87,-68.91,Visual,1,Spring,,
2017-05-13,41.59,-69.6,Visual,1,Spring,,
2017-05-10,42.0,-70.26,Visual,1,Spring,,
2017-05-10,41.92,-68.81,Visual,1,Spring,,
2017-05-10,41.87,-68.95,Visual,1,Spring,,
2017-05-10,41.82,-69.02,Visual,1,Spring,,
2017-05-10,41.75,-69.23,Visual,1,Spring,,
2017-05-10,41.63,-68.78,Visual,1,Spring,,
2017-05-10,41.93,-69.8,Visual,1,Spring,,
2017-05-10,42.12,-69.75,Visual,1,Spring,,
2017-05-10,41.36,-69.08,Visual,1,Spring,,
2017-05-10,41.37,-69.03,Visual,1,Spring,,
2017-05-10,41.56,-68.64,Visual,1,Spring,,
2017-05-10,41.57,-68.6,Visual,1,Spring,,
2017-05-10,41.58,-68.56,Visual,1,Spring,,
2017-05-10,41.24,-68.99,Visual,1,Spring,,
2017-05-10,41.19,-69.11,Visual,1,Spring,,
2017-05-09,41.8,-68.54,Visual,1,Spring,,
2017-05-09,41.78,-68.55,Visual,1,Spring,,
2017-05-09,42.04,-68.27,Visual,1,Spring,,
2017-05-09,41.96,-68.27,Visual,1,Spring,,
2017-05-04,41.05,-70.35,Visual,1,Spring,,
2017-05-04,41.08,-71.05,Visual,1,Spring,,
2017-05-04,41.01,-71.28,Visual,1,Spring,,
2017-05-04,42.31,-70.69,Visual,1,Spring,,
2017-05-03,41.91,-70.24,Visual,1,Spring,,
2017-05-04,41.96,-69.93,Visual,1,Spring,,
2017-05-04,41.99,-69.94,Visual,1,Spring,,
2017-05-04,42.01,-69.97,Visual,1,Spring,,
2017-05-04,42.02,-70.56,Visual,1,Spring,,
2017-05-04,41.99,-70.51,Visual,1,Spring,,
2017-05-04,41.99,-70.41,Visual,1,Spring,,
2017-05-04,41.99,-70.15,Visual,1,Spring,,
2017-05-04,41.96,-70.15,Visual,1,Spring,,
2017-05-04,41.91,-70.4,Visual,1,Spring,,
2017-05-04,41.79,-70.19,Visual,1,Spring,,
2017-05-03,42.07,-70.25,Visual,1,Spring,,
2017-05-03,42.1,-70.19,Visual,1,Spring,,
2017-05-03,42.1,-70.22,Visual,1,Spring,,
2017-04-29,41.94,-70.27,Visual,1,Spring,,
2017-04-29,41.93,-70.27,Visual,1,Spring,,
2017-04-29,41.89,-70.28,Visual,1,Spring,,
2017-04-29,41.85,-70.28,Visual,1,Spring,,
2017-05-01,42.02,-70.21,Visual,1,Spring,,
2017-05-01,42.06,-70.25,Visual,1,Spring,,
2017-05-01,42.05,-70.25,Visual,1,Spring,,
2017-05-01,42.01,-69.8,Visual,1,Spring,,
2017-04-30,41.08,-70.7,Visual,1,Spring,,
2017-04-30,41.08,-70.69,Visual,1,Spring,,
2017-04-30,41.05,-71.25,Visual,1,Spring,,
2017-04-30,41.07,-71.23,Visual,1,Spring,,
2017-05-01,42.07,-70.25,Visual,1,Spring,,
2017-05-01,42.06,-70.24,Visual,1,Spring,,
2017-05-01,42.05,-70.24,Visual,1,Spring,,
2017-05-01,42.04,-70.23,Visual,1,Spring,,
2017-05-01,42.02,-70.2,Visual,1,Spring,,
2017-05-01,42.01,-70.19,Visual,1,Spring,,
2017-05-01,42.02,-70.19,Visual,1,Spring,,
2017-05-01,42.02,-70.18,Visual,1,Spring,,
2017-05-01,42.03,-70.17,Visual,1,Spring,,
2017-04-30,41.45,-69.34,Visual,1,Spring,,
2017-04-30,41.26,-69.28,Visual,1,Spring,,
2017-04-30,41.47,-69.15,Visual,1,Spring,,
2017-04-30,41.49,-69.11,Visual,1,Spring,,
2017-04-30,41.5,-69.08,Visual,1,Spring,,
2017-04-30,41.53,-69.07,Visual,1,Spring,,
2017-04-30,42.02,-70.19,Visual,1,Spring,,
2017-04-30,41.89,-70.19,Visual,1,Spring,,
2017-04-30,41.9,-70.21,Visual,1,Spring,,
2017-04-30,41.9,-70.2,Visual,1,Spring,,
2017-04-30,41.91,-70.2,Visual,1,Spring,,
2017-04-30,41.94,-70.21,Visual,1,Spring,,
2017-04-30,41.97,-70.28,Visual,1,Spring,,
2017-04-30,41.98,-70.18,Visual,1,Spring,,
2017-04-30,41.99,-70.17,Visual,1,Spring,,
2017-04-30,41.99,-70.22,Visual,1,Spring,,
2017-04-30,42.0,-70.25,Visual,1,Spring,,
2017-04-30,41.99,-70.24,Visual,1,Spring,,
2017-04-30,42.0,-70.18,Visual,1,Spring,,
2017-04-30,42.09,-70.08,Visual,1,Spring,,
2017-04-29,41.88,-70.26,Visual,1,Spring,,
2017-04-28,41.95,-70.57,Visual,1,Spring,,
2017-04-28,42.1,-70.1,Visual,1,Spring,,
2017-04-28,42.07,-70.38,Visual,1,Spring,,
2017-04-28,42.07,-70.32,Visual,1,Spring,,
2017-04-28,42.04,-70.12,Visual,1,Spring,,
2017-04-28,42.01,-70.57,Visual,1,Spring,,
2017-04-28,41.95,-70.36,Visual,1,Spring,,
2017-04-28,41.95,-70.24,Visual,1,Spring,,
2017-04-28,41.96,-70.38,Visual,1,Spring,,
2017-04-28,41.97,-70.54,Visual,1,Spring,,
2017-04-28,41.91,-70.52,Visual,1,Spring,,
2017-04-28,41.88,-70.47,Visual,1,Spring,,
2017-04-28,41.88,-70.46,Visual,1,Spring,,
2017-04-28,41.88,-70.32,Visual,1,Spring,,
2017-04-28,41.87,-70.3,Visual,1,Spring,,
2017-04-28,41.88,-70.17,Visual,1,Spring,,
2017-04-28,41.84,-70.21,Visual,1,Spring,,
2017-04-28,41.11,-70.85,Visual,1,Spring,,
2017-04-28,41.82,-70.48,Visual,1,Spring,,
2017-04-28,41.93,-70.53,Visual,1,Spring,,
2017-04-27,41.85,-70.53,Visual,1,Spring,,
2017-04-27,41.85,-70.4,Visual,1,Spring,,
2017-04-27,41.85,-70.35,Visual,1,Spring,,
2017-04-27,41.93,-70.54,Visual,1,Spring,,
2017-04-27,41.89,-70.53,Visual,1,Spring,,
2017-04-27,41.87,-70.53,Visual,1,Spring,,
2017-04-27,41.95,-70.13,Visual,1,Spring,,
2017-04-25,41.93,-70.4,Visual,1,Spring,,
2017-04-25,41.95,-70.15,Visual,1,Spring,,
2017-04-25,41.92,-70.14,Visual,1,Spring,,
2017-04-25,42.0,-70.13,Visual,1,Spring,,
2017-04-25,42.04,-70.17,Visual,1,Spring,,
2017-04-24,41.78,-70.48,Visual,1,Spring,,
2017-04-24,41.82,-70.35,Visual,1,Spring,,
2017-04-24,41.86,-70.24,Visual,1,Spring,,
2017-04-24,41.94,-70.24,Visual,1,Spring,,
2017-04-24,41.94,-70.21,Visual,1,Spring,,
2017-04-24,42.01,-70.2,Visual,1,Spring,,
2017-04-24,41.97,-70.25,Visual,1,Spring,,
2017-04-24,41.79,-70.39,Visual,1,Spring,,
2017-04-24,41.78,-70.38,Visual,1,Spring,,
2017-04-24,41.77,-70.39,Visual,1,Spring,,
2017-04-24,41.77,-70.41,Visual,1,Spring,,
2017-04-24,41.78,-70.42,Visual,1,Spring,,
2017-04-24,41.79,-70.43,Visual,1,Spring,,
2017-04-24,41.78,-70.45,Visual,1,Spring,,
2017-04-24,41.8,-70.47,Visual,1,Spring,,
2017-04-24,41.93,-70.54,Visual,1,Spring,,
2017-04-24,42.03,-70.17,Visual,1,Spring,,
2017-04-24,42.02,-70.18,Visual,1,Spring,,
2017-04-24,42.02,-70.19,Visual,1,Spring,,
2017-04-24,42.02,-70.21,Visual,1,Spring,,
2017-04-24,42.06,-70.25,Visual,1,Spring,,
2017-04-24,42.03,-70.22,Visual,1,Spring,,
2017-04-24,41.01,-70.78,Visual,1,Spring,,
2017-04-24,41.08,-70.76,Visual,1,Spring,,
2017-04-24,41.13,-70.62,Visual,1,Spring,,
2017-04-24,41.1,-70.63,Visual,1,Spring,,
2017-04-24,41.04,-70.62,Visual,1,Spring,,
2017-04-24,41.0,-70.42,Visual,1,Spring,,
2017-04-24,41.98,-70.2,Visual,1,Spring,,
2017-04-24,41.95,-70.22,Visual,1,Spring,,
2017-04-24,41.87,-70.17,Visual,1,Spring,,
2017-04-24,41.6,-69.85,Visual,1,Spring,,
2017-04-24,42.06,-70.03,Visual,1,Spring,,
2017-04-24,42.09,-70.24,Visual,1,Spring,,
2017-04-24,42.08,-70.23,Visual,1,Spring,,
2017-04-24,42.05,-70.26,Visual,1,Spring,,
2017-04-24,41.96,-70.22,Visual,1,Spring,,
2017-04-24,41.96,-70.19,Visual,1,Spring,,
2017-04-24,41.94,-70.14,Visual,1,Spring,,
2017-04-24,41.95,-70.14,Visual,1,Spring,,
2017-04-24,41.9,-70.18,Visual,1,Spring,,
2017-04-24,41.87,-70.16,Visual,1,Spring,,
2017-04-24,41.84,-70.12,Visual,1,Spring,,
2017-04-24,41.84,-70.1,Visual,1,Spring,,
2017-04-23,41.05,-70.62,Visual,1,Spring,,
2017-04-23,41.07,-70.73,Visual,1,Spring,,
2017-04-23,41.1,-70.56,Visual,1,Spring,,
2017-04-23,41.15,-70.5,Visual,1,Spring,,
2017-04-23,41.77,-70.2,Visual,1,Spring,,
2017-04-23,42.08,-70.49,Visual,1,Spring,,
2017-04-23,41.99,-70.16,Visual,1,Spring,,
2017-04-23,42.0,-70.15,Visual,1,Spring,,
2017-04-23,42.01,-70.16,Visual,1,Spring,,
2017-04-23,42.02,-70.2,Visual,1,Spring,,
2017-04-23,42.02,-70.21,Visual,1,Spring,,
2017-04-23,42.01,-70.38,Visual,1,Spring,,
2017-04-23,41.99,-70.32,Visual,1,Spring,,
2017-04-23,41.99,-70.3,Visual,1,Spring,,
2017-04-23,41.97,-70.29,Visual,1,Spring,,
2017-04-23,41.99,-70.27,Visual,1,Spring,,
2017-04-23,42.01,-70.2,Visual,1,Spring,,
2017-04-23,42.01,-70.19,Visual,1,Spring,,
2017-04-23,41.99,-70.17,Visual,1,Spring,,
2017-04-23,41.99,-70.15,Visual,1,Spring,,
2017-04-23,41.85,-70.07,Visual,1,Spring,,
2017-04-23,41.84,-70.08,Visual,1,Spring,,
2017-04-23,41.82,-70.06,Visual,1,Spring,,
2017-04-23,41.97,-70.13,Visual,1,Spring,,
2017-04-23,41.96,-70.3,Visual,1,Spring,,
2017-04-23,41.95,-70.28,Visual,1,Spring,,
2017-04-23,41.96,-70.29,Visual,1,Spring,,
2017-04-23,41.92,-70.46,Visual,1,Spring,,
2017-04-23,41.94,-70.28,Visual,1,Spring,,
2017-04-23,41.93,-70.28,Visual,1,Spring,,
2017-04-23,41.93,-70.12,Visual,1,Spring,,
2017-04-23,41.92,-70.11,Visual,1,Spring,,
2017-04-23,41.89,-70.36,Visual,1,Spring,,
2017-04-23,41.88,-70.41,Visual,1,Spring,,
2017-04-23,41.88,-70.35,Visual,1,Spring,,
2017-04-23,41.9,-70.24,Visual,1,Spring,,
2017-04-23,41.86,-70.22,Visual,1,Spring,,
2017-04-23,41.87,-70.35,Visual,1,Spring,,
2017-04-23,41.84,-70.46,Visual,1,Spring,,
2017-04-23,41.83,-70.34,Visual,1,Spring,,
2017-04-23,41.84,-70.09,Visual,1,Spring,,
2017-04-23,41.83,-70.1,Visual,1,Spring,,
2017-04-23,41.82,-70.1,Visual,1,Spring,,
2017-04-23,41.81,-70.12,Visual,1,Spring,,
2017-04-23,41.81,-70.16,Visual,1,Spring,,
2017-04-23,41.8,-70.52,Visual,1,Spring,,
2017-04-23,41.78,-70.24,Visual,1,Spring,,
2017-04-23,41.8,-70.24,Visual,1,Spring,,
2017-04-23,41.79,-70.23,Visual,1,Spring,,
2017-04-23,41.78,-70.21,Visual,1,Spring,,
2017-04-23,41.78,-70.2,Visual,1,Spring,,
2017-04-23,41.79,-70.18,Visual,1,Spring,,
2017-04-23,41.79,-70.13,Visual,1,Spring,,
2017-04-23,41.77,-70.14,Visual,1,Spring,,
2017-04-23,41.77,-70.17,Visual,1,Spring,,
2017-04-23,41.78,-70.4,Visual,1,Spring,,
2017-04-22,41.8,-70.26,Visual,1,Spring,,
2017-04-22,41.81,-70.27,Visual,1,Spring,,
2017-04-22,41.89,-70.26,Visual,1,Spring,,
2017-04-22,41.9,-70.26,Visual,1,Spring,,
2017-04-22,41.99,-70.24,Visual,1,Spring,,
2017-04-22,42.0,-70.25,Visual,1,Spring,,
2017-04-22,42.0,-70.24,Visual,1,Spring,,
2017-04-22,42.01,-70.35,Visual,1,Spring,,
2017-04-22,42.01,-70.24,Visual,1,Spring,,
2017-04-22,42.04,-70.24,Visual,1,Spring,,
2017-04-22,42.04,-70.25,Visual,1,Spring,,
2017-04-22,42.04,-70.26,Visual,1,Spring,,
2017-04-22,42.02,-70.27,Visual,1,Spring,,
2017-04-22,42.01,-70.26,Visual,1,Spring,,
2017-04-22,41.87,-70.28,Visual,1,Spring,,
2017-04-22,41.87,-70.27,Visual,1,Spring,,
2017-04-22,41.85,-70.26,Visual,1,Spring,,
2017-04-22,41.84,-70.26,Visual,1,Spring,,
2017-04-22,41.82,-70.27,Visual,1,Spring,,
2017-04-22,41.95,-70.27,Visual,1,Spring,,
2017-04-22,41.79,-70.28,Visual,1,Spring,,
2017-04-22,41.78,-70.28,Visual,1,Spring,,
2017-04-22,42.06,-70.48,Visual,1,Spring,,
2017-04-22,42.08,-70.24,Visual,1,Spring,,
2017-04-22,42.02,-70.22,Visual,1,Spring,,
2017-04-22,42.02,-70.18,Visual,1,Spring,,
2017-04-22,42.02,-70.17,Visual,1,Spring,,
2017-04-22,42.03,-70.3,Visual,1,Spring,,
2017-04-19,41.79,-70.4,Visual,1,Spring,,
2017-04-19,41.78,-70.41,Visual,1,Spring,,
2017-04-19,41.79,-70.42,Visual,1,Spring,,
2017-04-19,41.78,-70.43,Visual,1,Spring,,
2017-04-19,41.78,-70.42,Visual,1,Spring,,
2017-04-18,40.73,-71.32,Visual,1,Spring,,
2017-04-17,40.78,-71.27,Visual,1,Spring,,
2017-04-19,41.03,-70.35,Visual,1,Spring,,
2017-04-19,41.18,-70.43,Visual,1,Spring,,
2017-04-19,41.13,-70.5,Visual,1,Spring,,
2017-04-19,41.17,-70.54,Visual,1,Spring,,
2017-04-19,41.81,-70.26,Visual,1,Spring,,
2017-04-19,41.81,-70.27,Visual,1,Spring,,
2017-04-19,41.82,-70.27,Visual,1,Spring,,
2017-04-20,41.92,-70.2,Visual,1,Spring,,
2017-04-20,41.88,-70.2,Visual,1,Spring,,
2017-04-20,41.88,-70.31,Visual,1,Spring,,
2017-04-20,41.89,-70.3,Visual,1,Spring,,
2017-04-20,41.89,-70.29,Visual,1,Spring,,
2017-04-20,41.85,-70.39,Visual,1,Spring,,
2017-04-20,41.82,-70.39,Visual,1,Spring,,
2017-04-20,41.8,-70.4,Visual,1,Spring,,
2017-04-19,41.83,-70.27,Visual,1,Spring,,
2017-04-19,41.84,-70.27,Visual,1,Spring,,
2017-04-19,41.86,-70.26,Visual,1,Spring,,
2017-04-19,41.91,-70.26,Visual,1,Spring,,
2017-04-19,41.8,-70.26,Visual,1,Spring,,
2017-04-19,41.79,-70.26,Visual,1,Spring,,
2017-04-20,42.04,-70.24,Visual,1,Spring,,
2017-04-20,42.02,-70.21,Visual,1,Spring,,
2017-04-20,42.02,-70.19,Visual,1,Spring,,
2017-04-20,41.15,-70.42,Visual,1,Spring,,
2017-04-20,42.01,-70.21,Visual,1,Spring,,
2017-04-20,42.03,-70.21,Visual,1,Spring,,
2017-04-20,42.0,-70.18,Visual,1,Spring,,
2017-04-20,42.0,-70.17,Visual,1,Spring,,
2017-04-20,42.01,-70.18,Visual,1,Spring,,
2017-04-20,42.02,-70.18,Visual,1,Spring,,
2017-04-18,41.09,-70.91,Visual,1,Spring,,
2017-04-18,41.08,-70.93,Visual,1,Spring,,
2017-04-16,42.07,-70.27,Visual,1,Spring,,
2017-04-18,42.06,-70.26,Visual,1,Spring,,
2017-04-18,42.05,-70.24,Visual,1,Spring,,
2017-04-18,42.03,-70.22,Visual,1,Spring,,
2017-04-18,42.02,-70.19,Visual,1,Spring,,
2017-04-18,42.01,-70.19,Visual,1,Spring,,
2017-04-18,42.01,-70.16,Visual,1,Spring,,
2017-04-18,42.01,-70.17,Visual,1,Spring,,
2017-04-18,42.03,-70.17,Visual,1,Spring,,
2017-04-17,41.7,-69.85,Visual,1,Spring,,
2017-04-17,41.89,-69.92,Visual,1,Spring,,
2017-04-17,42.04,-70.01,Visual,1,Spring,,
2017-04-17,42.08,-70.05,Visual,1,Spring,,
2017-04-17,42.07,-70.05,Visual,1,Spring,,
2017-04-17,42.08,-70.2,Visual,1,Spring,,
2017-04-17,42.09,-70.21,Visual,1,Spring,,
2017-04-17,42.09,-70.23,Visual,1,Spring,,
2017-04-17,42.07,-70.26,Visual,1,Spring,,
2017-04-17,42.04,-70.23,Visual,1,Spring,,
2017-04-17,42.03,-70.22,Visual,1,Spring,,
2017-04-17,42.02,-70.13,Visual,1,Spring,,
2017-04-17,42.0,-70.17,Visual,1,Spring,,
2017-04-17,42.01,-70.17,Visual,1,Spring,,
2017-04-17,42.01,-70.23,Visual,1,Spring,,
2017-04-17,41.99,-70.22,Visual,1,Spring,,
2017-04-17,41.99,-70.2,Visual,1,Spring,,
2017-04-17,41.99,-70.19,Visual,1,Spring,,
2017-04-17,41.98,-70.19,Visual,1,Spring,,
2017-04-17,41.98,-70.12,Visual,1,Spring,,
2017-04-17,41.95,-70.17,Visual,1,Spring,,
2017-04-17,41.96,-70.18,Visual,1,Spring,,
2017-04-17,41.97,-70.2,Visual,1,Spring,,
2017-04-17,41.97,-70.18,Visual,1,Spring,,
2017-04-17,41.94,-70.16,Visual,1,Spring,,
2017-04-17,41.95,-70.11,Visual,1,Spring,,
2017-04-17,41.93,-70.11,Visual,1,Spring,,
2017-04-17,41.83,-70.07,Visual,1,Spring,,
2017-04-17,41.91,-70.11,Visual,1,Spring,,
2017-04-17,41.93,-70.14,Visual,1,Spring,,
2017-04-17,41.92,-70.15,Visual,1,Spring,,
2017-04-17,41.9,-70.14,Visual,1,Spring,,
2017-04-17,41.89,-70.14,Visual,1,Spring,,
2017-04-17,41.89,-70.15,Visual,1,Spring,,
2017-04-17,41.87,-70.16,Visual,1,Spring,,
2017-04-17,41.86,-70.18,Visual,1,Spring,,
2017-04-17,41.88,-70.18,Visual,1,Spring,,
2017-04-17,41.87,-70.2,Visual,1,Spring,,
2017-04-17,41.87,-70.23,Visual,1,Spring,,
2017-04-17,41.85,-70.25,Visual,1,Spring,,
2017-04-17,41.85,-70.27,Visual,1,Spring,,
2017-04-17,41.81,-70.4,Visual,1,Spring,,
2017-04-17,41.85,-70.33,Visual,1,Spring,,
2017-04-17,41.84,-70.3,Visual,1,Spring,,
2017-04-17,41.83,-70.29,Visual,1,Spring,,
2017-04-17,41.83,-70.27,Visual,1,Spring,,
2017-04-17,41.84,-70.27,Visual,1,Spring,,
2017-04-17,41.82,-70.23,Visual,1,Spring,,
2017-04-17,41.83,-70.1,Visual,1,Spring,,
2017-04-17,41.8,-70.27,Visual,1,Spring,,
2017-04-17,41.8,-70.41,Visual,1,Spring,,
2017-04-17,41.79,-70.42,Visual,1,Spring,,
2017-04-17,41.78,-70.36,Visual,1,Spring,,
2017-04-17,41.79,-70.34,Visual,1,Spring,,
2017-04-17,41.78,-70.22,Visual,1,Spring,,
2017-04-17,41.79,-70.19,Visual,1,Spring,,
2017-04-17,41.77,-70.2,Visual,1,Spring,,
2017-04-17,41.79,-70.23,Visual,1,Spring,,
2017-04-17,41.77,-70.23,Visual,1,Spring,,
2017-04-17,41.77,-70.25,Visual,1,Spring,,
2017-04-17,41.78,-70.27,Visual,1,Spring,,
2017-04-17,41.77,-70.28,Visual,1,Spring,,
2017-04-17,41.77,-70.29,Visual,1,Spring,,
2017-04-17,41.77,-70.3,Visual,1,Spring,,
2017-04-17,41.76,-70.31,Visual,1,Spring,,
2017-04-17,41.76,-70.32,Visual,1,Spring,,
2017-04-17,41.76,-70.34,Visual,1,Spring,,
2017-04-17,41.76,-70.36,Visual,1,Spring,,
2017-04-17,41.77,-70.39,Visual,1,Spring,,
2017-04-16,42.04,-70.09,Visual,1,Spring,,
2017-04-16,42.04,-70.16,Visual,1,Spring,,
2017-04-16,42.02,-70.14,Visual,1,Spring,,
2017-04-14,40.87,-71.09,Visual,1,Spring,,
2017-04-14,40.99,-71.11,Visual,1,Spring,,
2017-04-14,40.99,-71.1,Visual,1,Spring,,
2017-04-14,41.01,-71.1,Visual,1,Spring,,
2017-04-14,41.02,-70.1,Visual,1,Spring,,
2017-04-14,40.9,-70.97,Visual,1,Spring,,
2017-04-15,40.62,-71.35,Visual,1,Spring,,
2017-04-15,41.95,-70.57,Visual,1,Spring,,
2017-04-15,42.08,-70.61,Visual,1,Spring,,
2017-04-15,41.96,-70.6,Visual,1,Spring,,
2017-04-15,41.81,-70.23,Visual,1,Spring,,
2017-04-15,41.89,-70.53,Visual,1,Spring,,
2017-04-14,41.56,-69.77,Visual,1,Spring,,
2017-04-14,41.57,-69.8,Visual,1,Spring,,
2017-04-14,41.81,-69.88,Visual,1,Spring,,
2017-04-14,41.87,-69.94,Visual,1,Spring,,
2017-04-14,41.93,-69.96,Visual,1,Spring,,
2017-04-14,41.92,-69.96,Visual,1,Spring,,
2017-04-14,42.04,-69.98,Visual,1,Spring,,
2017-04-14,42.06,-70.02,Visual,1,Spring,,
2017-04-14,42.09,-70.19,Visual,1,Spring,,
2017-04-14,42.09,-70.2,Visual,1,Spring,,
2017-04-14,42.09,-70.25,Visual,1,Spring,,
2017-04-14,42.09,-70.26,Visual,1,Spring,,
2017-04-14,42.08,-70.25,Visual,1,Spring,,
2017-04-14,42.07,-70.24,Visual,1,Spring,,
2017-04-14,42.07,-70.25,Visual,1,Spring,,
2017-04-14,42.06,-70.25,Visual,1,Spring,,
2017-04-14,42.06,-70.24,Visual,1,Spring,,
2017-04-14,42.05,-70.24,Visual,1,Spring,,
2017-04-14,42.05,-70.29,Visual,1,Spring,,
2017-04-14,42.06,-70.64,Visual,1,Spring,,
2017-04-14,42.04,-70.26,Visual,1,Spring,,
2017-04-14,42.03,-70.25,Visual,1,Spring,,
2017-04-14,42.0,-70.2,Visual,1,Spring,,
2017-04-14,42.02,-70.25,Visual,1,Spring,,
2017-04-14,42.0,-70.23,Visual,1,Spring,,
2017-04-14,42.0,-70.22,Visual,1,Spring,,
2017-04-14,41.99,-70.23,Visual,1,Spring,,
2017-04-14,41.98,-70.18,Visual,1,Spring,,
2017-04-14,41.97,-70.18,Visual,1,Spring,,
2017-04-14,41.98,-70.22,Visual,1,Spring,,
2017-04-14,41.97,-70.22,Visual,1,Spring,,
2017-04-14,41.94,-70.56,Visual,1,Spring,,
2017-04-14,41.94,-70.34,Visual,1,Spring,,
2017-04-14,41.93,-70.28,Visual,1,Spring,,
2017-04-14,41.96,-70.22,Visual,1,Spring,,
2017-04-14,41.97,-70.17,Visual,1,Spring,,
2017-04-14,41.96,-70.18,Visual,1,Spring,,
2017-04-14,41.96,-70.2,Visual,1,Spring,,
2017-04-14,41.96,-70.21,Visual,1,Spring,,
2017-04-14,41.95,-70.21,Visual,1,Spring,,
2017-04-14,41.94,-70.2,Visual,1,Spring,,
2017-04-14,41.93,-70.21,Visual,1,Spring,,
2017-04-14,41.95,-70.16,Visual,1,Spring,,
2017-04-14,41.94,-70.15,Visual,1,Spring,,
2017-04-14,41.93,-70.16,Visual,1,Spring,,
2017-04-14,41.92,-70.15,Visual,1,Spring,,
2017-04-14,41.91,-70.15,Visual,1,Spring,,
2017-04-14,41.91,-70.18,Visual,1,Spring,,
2017-04-14,41.91,-70.17,Visual,1,Spring,,
2017-04-14,41.91,-70.4,Visual,1,Spring,,
2017-04-14,41.89,-70.38,Visual,1,Spring,,
2017-04-14,41.89,-70.2,Visual,1,Spring,,
2017-04-14,41.88,-70.21,Visual,1,Spring,,
2017-04-14,41.87,-70.17,Visual,1,Spring,,
2017-04-14,41.88,-70.17,Visual,1,Spring,,
2017-04-14,41.88,-70.16,Visual,1,Spring,,
2017-04-14,41.87,-70.18,Visual,1,Spring,,
2017-04-14,41.86,-70.27,Visual,1,Spring,,
2017-04-14,41.85,-70.32,Visual,1,Spring,,
2017-04-14,41.84,-70.45,Visual,1,Spring,,
2017-04-14,41.87,-70.45,Visual,1,Spring,,
2017-04-14,41.84,-70.48,Visual,1,Spring,,
2017-04-14,41.83,-70.35,Visual,1,Spring,,
2017-04-14,41.84,-70.32,Visual,1,Spring,,
2017-04-14,41.84,-70.29,Visual,1,Spring,,
2017-04-14,41.82,-70.15,Visual,1,Spring,,
2017-04-14,41.81,-70.22,Visual,1,Spring,,
2017-04-14,41.8,-70.22,Visual,1,Spring,,
2017-04-14,41.8,-70.21,Visual,1,Spring,,
2017-04-14,41.79,-70.21,Visual,1,Spring,,
2017-04-14,41.79,-70.2,Visual,1,Spring,,
2017-04-14,41.77,-70.19,Visual,1,Spring,,
2017-04-14,41.77,-70.24,Visual,1,Spring,,
2017-04-14,41.76,-70.26,Visual,1,Spring,,
2017-04-14,41.77,-70.27,Visual,1,Spring,,
2017-04-14,41.77,-70.28,Visual,1,Spring,,
2017-04-14,41.76,-70.28,Visual,1,Spring,,
2017-04-14,41.75,-70.29,Visual,1,Spring,,
2017-04-14,41.75,-70.3,Visual,1,Spring,,
2017-04-14,41.75,-70.31,Visual,1,Spring,,
2017-04-14,41.75,-70.36,Visual,1,Spring,,
2017-04-14,41.75,-70.37,Visual,1,Spring,,
2017-04-14,41.8,-70.53,Visual,1,Spring,,
2017-04-14,42.05,-70.64,Visual,1,Spring,,
2017-04-14,42.06,-70.13,Visual,1,Spring,,
2017-04-14,42.01,-70.12,Visual,1,Spring,,
2017-04-14,41.92,-70.19,Visual,1,Spring,,
2017-04-14,41.93,-70.55,Visual,1,Spring,,
2017-04-14,41.83,-70.44,Visual,1,Spring,,
2017-04-14,41.96,-70.57,Visual,1,Spring,,
2017-04-14,41.86,-70.46,Visual,1,Spring,,
2017-04-14,41.64,-69.73,Visual,1,Spring,,
2017-04-14,41.62,-69.79,Visual,1,Spring,,
2017-04-14,41.59,-69.82,Visual,1,Spring,,
2017-04-13,41.97,-70.59,Visual,1,Spring,,
2017-04-12,42.07,-70.1,Visual,1,Spring,,
2017-04-12,42.27,-69.91,Visual,1,Spring,,
2017-04-12,42.02,-69.98,Visual,1,Spring,,
2017-04-12,42.05,-70.04,Visual,1,Spring,,
2017-04-12,42.14,-70.38,Visual,1,Spring,,
2017-04-12,42.12,-70.48,Visual,1,Spring,,
2017-04-12,42.06,-70.44,Visual,1,Spring,,
2017-04-12,42.08,-70.4,Visual,1,Spring,,
2017-04-12,42.09,-70.36,Visual,1,Spring,,
2017-04-12,42.0,-70.56,Visual,1,Spring,,
2017-04-12,42.17,-70.34,Visual,1,Spring,,
2017-04-12,42.18,-70.25,Visual,1,Spring,,
2017-04-12,42.06,-70.25,Visual,1,Spring,,
2017-04-12,42.0,-70.19,Visual,1,Spring,,
2017-04-12,41.76,-70.22,Visual,1,Spring,,
2017-04-12,41.77,-70.25,Visual,1,Spring,,
2017-04-12,41.77,-70.26,Visual,1,Spring,,
2017-04-12,41.78,-70.28,Visual,1,Spring,,
2017-04-12,41.78,-70.29,Visual,1,Spring,,
2017-04-12,41.79,-70.31,Visual,1,Spring,,
2017-04-12,41.86,-70.43,Visual,1,Spring,,
2017-04-12,41.84,-70.22,Visual,1,Spring,,
2017-04-12,41.83,-70.22,Visual,1,Spring,,
2017-04-12,41.83,-70.23,Visual,1,Spring,,
2017-04-12,41.84,-70.24,Visual,1,Spring,,
2017-04-12,41.84,-70.23,Visual,1,Spring,,
2017-04-12,41.87,-70.19,Visual,1,Spring,,
2017-04-12,41.86,-70.21,Visual,1,Spring,,
2017-04-12,41.86,-70.19,Visual,1,Spring,,
2017-04-12,41.9,-70.15,Visual,1,Spring,,
2017-04-12,41.88,-70.17,Visual,1,Spring,,
2017-04-12,41.89,-70.17,Visual,1,Spring,,
2017-04-12,41.86,-70.42,Visual,1,Spring,,
2017-04-12,41.87,-70.41,Visual,1,Spring,,
2017-04-12,41.92,-70.45,Visual,1,Spring,,
2017-04-12,41.91,-70.45,Visual,1,Spring,,
2017-04-12,41.91,-70.44,Visual,1,Spring,,
2017-04-12,41.9,-70.39,Visual,1,Spring,,
2017-04-12,41.91,-70.39,Visual,1,Spring,,
2017-04-12,41.91,-70.14,Visual,1,Spring,,
2017-04-12,41.92,-70.14,Visual,1,Spring,,
2017-04-12,41.95,-70.11,Visual,1,Spring,,
2017-04-12,41.93,-70.36,Visual,1,Spring,,
2017-04-12,41.93,-70.39,Visual,1,Spring,,
2017-04-12,41.94,-70.46,Visual,1,Spring,,
2017-04-12,41.96,-70.42,Visual,1,Spring,,
2017-04-12,41.98,-70.11,Visual,1,Spring,,
2017-04-12,42.01,-70.22,Visual,1,Spring,,
2017-04-12,42.0,-70.21,Visual,1,Spring,,
2017-04-12,42.01,-70.2,Visual,1,Spring,,
2017-04-12,42.0,-70.2,Visual,1,Spring,,
2017-04-12,42.01,-70.14,Visual,1,Spring,,
2017-04-12,42.0,-70.14,Visual,1,Spring,,
2017-04-12,41.99,-70.13,Visual,1,Spring,,
2017-04-12,42.0,-70.13,Visual,1,Spring,,
2017-04-12,42.01,-70.13,Visual,1,Spring,,
2017-04-12,42.01,-70.12,Visual,1,Spring,,
2017-04-12,42.02,-70.13,Visual,1,Spring,,
2017-04-12,42.02,-70.28,Visual,1,Spring,,
2017-04-12,42.05,-70.53,Visual,1,Spring,,
2017-04-12,42.06,-70.55,Visual,1,Spring,,
2017-04-12,42.06,-70.53,Visual,1,Spring,,
2017-04-12,42.04,-70.52,Visual,1,Spring,,
2017-04-12,42.08,-70.24,Visual,1,Spring,,
2017-04-12,42.09,-70.52,Visual,1,Spring,,
2017-04-12,42.08,-70.52,Visual,1,Spring,,
2017-04-12,42.09,-70.53,Visual,1,Spring,,
2017-04-12,42.11,-70.51,Visual,1,Spring,,
2017-04-12,42.11,-70.53,Visual,1,Spring,,
2017-04-12,42.11,-70.52,Visual,1,Spring,,
2017-04-12,42.13,-70.33,Visual,1,Spring,,
2017-04-12,42.09,-70.23,Visual,1,Spring,,
2017-04-12,42.08,-70.21,Visual,1,Spring,,
2017-04-12,42.09,-70.13,Visual,1,Spring,,
2017-04-12,42.1,-70.11,Visual,1,Spring,,
2017-04-12,42.07,-70.05,Visual,1,Spring,,
2017-04-12,42.07,-70.03,Visual,1,Spring,,
2017-04-12,42.04,-69.97,Visual,1,Spring,,
2017-04-12,42.05,-70.25,Visual,1,Spring,,
2017-04-10,41.07,-70.62,Visual,1,Spring,,
2017-04-10,42.04,-70.23,Visual,1,Spring,,
2017-04-09,40.95,-70.36,Visual,1,Spring,,
2017-04-09,41.76,-70.41,Visual,1,Spring,,
2017-04-09,41.78,-70.24,Visual,1,Spring,,
2017-04-09,41.78,-70.35,Visual,1,Spring,,
2017-04-09,41.79,-70.4,Visual,1,Spring,,
2017-04-09,41.79,-70.42,Visual,1,Spring,,
2017-04-09,41.8,-70.3,Visual,1,Spring,,
2017-04-09,41.81,-70.23,Visual,1,Spring,,
2017-04-09,41.83,-70.27,Visual,1,Spring,,
2017-04-09,41.88,-70.27,Visual,1,Spring,,
2017-04-09,41.84,-70.26,Visual,1,Spring,,
2017-04-09,41.83,-70.24,Visual,1,Spring,,
2017-04-09,41.88,-70.23,Visual,1,Spring,,
2017-04-09,41.94,-70.15,Visual,1,Spring,,
2017-04-09,41.95,-70.36,Visual,1,Spring,,
2017-04-09,41.95,-70.16,Visual,1,Spring,,
2017-04-09,41.98,-70.14,Visual,1,Spring,,
2017-04-09,41.99,-70.18,Visual,1,Spring,,
2017-04-09,42.0,-70.24,Visual,1,Spring,,
2017-04-09,42.0,-70.15,Visual,1,Spring,,
2017-04-09,42.09,-70.3,Visual,1,Spring,,
2017-04-09,42.09,-70.19,Visual,1,Spring,,
2017-04-09,42.1,-70.11,Visual,1,Spring,,
2017-04-09,42.1,-70.09,Visual,1,Spring,,
2017-04-09,42.09,-70.07,Visual,1,Spring,,
2017-04-09,42.09,-70.05,Visual,1,Spring,,
2017-04-09,42.01,-69.94,Visual,1,Spring,,
2017-04-09,42.09,-70.22,Visual,1,Spring,,
2017-04-08,42.08,-70.22,Visual,1,Spring,,
2017-04-06,41.97,-70.18,Visual,1,Spring,,
2017-04-06,41.8,-70.47,Visual,1,Spring,,
2017-04-03,42.32,-70.88,Visual,1,Spring,,
2017-04-03,41.09,-70.64,Visual,1,Spring,,
2017-04-03,41.78,-70.48,Visual,1,Spring,,
2017-04-03,39.73,-73.31,Visual,1,Spring,,
2017-04-03,40.43,-73.2,Visual,1,Spring,,
2017-04-03,41.67,-69.92,Visual,1,Spring,,
2017-04-03,42.12,-70.22,Visual,1,Spring,,
2017-04-03,42.12,-70.25,Visual,1,Spring,,
2017-04-03,42.1,-70.23,Visual,1,Spring,,
2017-04-03,42.1,-70.24,Visual,1,Spring,,
2017-04-03,42.1,-70.33,Visual,1,Spring,,
2017-04-03,42.11,-70.33,Visual,1,Spring,,
2017-04-03,42.07,-70.4,Visual,1,Spring,,
2017-04-03,42.08,-70.39,Visual,1,Spring,,
2017-04-03,42.08,-70.34,Visual,1,Spring,,
2017-04-03,42.07,-70.26,Visual,1,Spring,,
2017-04-03,42.05,-70.32,Visual,1,Spring,,
2017-04-03,42.07,-70.32,Visual,1,Spring,,
2017-04-03,42.06,-70.32,Visual,1,Spring,,
2017-04-03,42.02,-70.38,Visual,1,Spring,,
2017-04-03,42.05,-70.35,Visual,1,Spring,,
2017-04-03,41.99,-70.22,Visual,1,Spring,,
2017-04-03,41.96,-70.22,Visual,1,Spring,,
2017-04-03,41.95,-70.24,Visual,1,Spring,,
2017-04-03,41.97,-70.27,Visual,1,Spring,,
2017-04-03,41.97,-70.34,Visual,1,Spring,,
2017-04-03,41.92,-70.13,Visual,1,Spring,,
2017-04-03,41.93,-70.14,Visual,1,Spring,,
2017-04-03,41.93,-70.13,Visual,1,Spring,,
2017-04-03,41.93,-70.25,Visual,1,Spring,,
2017-04-03,41.91,-70.46,Visual,1,Spring,,
2017-04-03,41.88,-70.31,Visual,1,Spring,,
2017-04-03,41.89,-70.17,Visual,1,Spring,,
2017-04-03,41.86,-70.46,Visual,1,Spring,,
2017-04-03,41.85,-70.47,Visual,1,Spring,,
2017-04-03,41.84,-70.41,Visual,1,Spring,,
2017-04-03,41.81,-70.42,Visual,1,Spring,,
2017-04-03,41.82,-70.43,Visual,1,Spring,,
2017-04-03,41.83,-70.42,Visual,1,Spring,,
2017-04-03,41.82,-70.42,Visual,1,Spring,,
2017-04-03,41.79,-70.42,Visual,1,Spring,,
2017-04-03,41.8,-70.42,Visual,1,Spring,,
2017-04-03,41.82,-70.5,Visual,1,Spring,,
2017-04-03,41.77,-70.44,Visual,1,Spring,,
2017-04-03,41.78,-70.39,Visual,1,Spring,,
2017-04-03,41.77,-70.37,Visual,1,Spring,,
2017-04-03,41.76,-70.36,Visual,1,Spring,,
2017-04-03,41.76,-70.37,Visual,1,Spring,,
2017-04-03,41.77,-70.42,Visual,1,Spring,,
2017-04-03,41.84,-70.35,Visual,1,Spring,,
2017-04-02,40.45,-71.48,Visual,1,Spring,,
2017-03-31,41.79,-70.4,Visual,1,Spring,,
2017-03-31,41.8,-70.4,Visual,1,Spring,,
2017-03-31,41.79,-70.41,Visual,1,Spring,,
2017-03-31,41.79,-70.42,Visual,1,Spring,,
2017-03-31,41.79,-70.43,Visual,1,Spring,,
2017-03-31,41.8,-70.42,Visual,1,Spring,,
2017-03-31,41.86,-70.28,Visual,1,Spring,,
2017-03-31,41.87,-70.27,Visual,1,Spring,,
2017-03-31,42.37,-70.88,Visual,1,Spring,,
2017-03-31,42.38,-70.77,Visual,1,Spring,,
2017-03-31,42.45,-70.7,Visual,1,Spring,,
2017-03-31,42.45,-70.68,Visual,1,Spring,,
2017-03-31,41.8,-70.28,Visual,1,Spring,,
2017-03-31,41.8,-70.27,Visual,1,Spring,,
2017-03-31,41.8,-70.29,Visual,1,Spring,,
2017-03-31,41.82,-70.36,Visual,1,Spring,,
2017-03-31,41.81,-70.4,Visual,1,Spring,,
2017-03-31,41.79,-70.45,Visual,1,Spring,,
2017-03-31,41.77,-70.41,Visual,1,Spring,,
2017-03-31,41.79,-70.25,Visual,1,Spring,,
2017-03-31,41.79,-70.46,Visual,1,Spring,,
2017-03-30,42.49,-70.72,Visual,1,Spring,,
2017-03-30,42.47,-70.73,Visual,1,Spring,,
2017-03-30,42.43,-70.8,Visual,1,Spring,,
2017-03-30,42.42,-70.82,Visual,1,Spring,,
2017-03-30,42.35,-70.63,Visual,1,Spring,,
2017-03-30,41.85,-70.44,Visual,1,Spring,,
2017-03-29,42.52,-70.68,Visual,1,Spring,,
2017-03-28,41.9,-70.3,Visual,1,Spring,,
2017-03-28,41.83,-70.42,Visual,1,Spring,,
2017-03-28,42.05,-70.26,Visual,1,Spring,,
2017-03-28,42.04,-70.26,Visual,1,Spring,,
2017-03-28,42.03,-70.25,Visual,1,Spring,,
2017-03-28,42.02,-70.17,Visual,1,Spring,,
2017-03-28,42.01,-70.18,Visual,1,Spring,,
2017-03-28,42.48,-70.7,Visual,1,Spring,,
2017-03-26,42.35,-70.65,Visual,1,Spring,,
2017-03-26,42.92,-70.42,Visual,1,Spring,,
2017-03-26,42.4,-70.47,Visual,1,Spring,,
2017-03-26,42.18,-70.53,Visual,1,Spring,,
2017-03-26,42.02,-70.19,Visual,1,Spring,,
2017-03-26,42.02,-70.2,Visual,1,Spring,,
2017-03-25,42.42,-70.5,Visual,1,Spring,,
2017-01-15,27.86,-80.45,Visual,1,Winter,,
2017-03-25,42.42,-70.73,Visual,1,Spring,,
2017-03-25,42.37,-70.71,Visual,1,Spring,,
2017-03-25,42.41,-70.51,Visual,1,Spring,,
2017-03-25,42.43,-70.48,Visual,1,Spring,,
2017-03-25,42.07,-70.01,Visual,1,Spring,,
2017-03-25,42.03,-70.13,Visual,1,Spring,,
2017-03-25,42.36,-70.79,Visual,1,Spring,,
2017-03-25,42.36,-70.72,Visual,1,Spring,,
2017-03-25,42.03,-70.12,Visual,1,Spring,,
2017-03-25,41.82,-70.43,Visual,1,Spring,,
2017-03-24,42.38,-70.46,Visual,1,Spring,,
2017-03-24,42.41,-70.72,Visual,1,Spring,,
2017-03-23,42.02,-70.16,Visual,1,Spring,,
2017-03-21,41.14,-70.22,Visual,1,Spring,,
2017-03-21,40.9,-70.33,Visual,1,Spring,,
2017-03-21,40.87,-71.22,Visual,1,Spring,,
2017-03-21,42.08,-70.31,Visual,1,Spring,,
2017-03-21,42.03,-70.27,Visual,1,Spring,,
2017-03-21,41.96,-70.13,Visual,1,Spring,,
2017-03-21,41.96,-70.22,Visual,1,Spring,,
2017-03-21,41.96,-70.24,Visual,1,Spring,,
2017-03-21,41.96,-70.25,Visual,1,Spring,,
2017-03-21,41.97,-70.25,Visual,1,Spring,,
2017-03-21,41.95,-70.25,Visual,1,Spring,,
2017-03-21,41.96,-70.23,Visual,1,Spring,,
2017-03-21,41.93,-70.22,Visual,1,Spring,,
2017-03-21,41.91,-70.17,Visual,1,Spring,,
2017-03-21,41.92,-70.2,Visual,1,Spring,,
2017-03-21,41.9,-70.21,Visual,1,Spring,,
2017-03-21,41.91,-70.23,Visual,1,Spring,,
2017-03-21,41.92,-70.22,Visual,1,Spring,,
2017-03-21,41.91,-70.25,Visual,1,Spring,,
2017-03-21,41.85,-70.32,Visual,1,Spring,,
2017-03-21,40.22,-71.76,Visual,1,Spring,,
2017-03-21,40.1,-71.36,Visual,1,Spring,,
2017-03-18,41.85,-70.28,Visual,1,Spring,,
2017-03-18,41.84,-70.38,Visual,1,Spring,,
2017-03-18,42.07,-70.04,Visual,1,Spring,,
2017-03-18,41.99,-69.93,Visual,1,Spring,,
2017-03-18,41.91,-70.14,Visual,1,Spring,,
2017-03-18,41.94,-70.11,Visual,1,Spring,,
2017-03-18,41.98,-70.13,Visual,1,Spring,,
2017-03-13,41.1,-70.59,Visual,1,Spring,,
2017-03-13,41.92,-70.23,Visual,1,Spring,,
2017-03-08,42.03,-70.13,Visual,1,Spring,,
2017-03-06,41.13,-70.57,Visual,1,Spring,,
2017-03-06,41.07,-70.62,Visual,1,Spring,,
2017-03-06,41.05,-70.69,Visual,1,Spring,,
2017-03-06,41.1,-70.76,Visual,1,Spring,,
2017-03-06,41.06,-70.62,Visual,1,Spring,,
2017-03-06,41.02,-70.65,Visual,1,Spring,,
2017-03-06,41.03,-70.65,Visual,1,Spring,,
2017-03-06,41.08,-70.61,Visual,1,Spring,,
2017-03-06,41.11,-70.53,Visual,1,Spring,,
2017-03-06,41.79,-70.16,Visual,1,Spring,,
2017-03-06,41.81,-70.24,Visual,1,Spring,,
2017-03-06,41.79,-70.17,Visual,1,Spring,,
2017-03-06,41.85,-70.3,Visual,1,Spring,,
2017-03-06,41.88,-70.13,Visual,1,Spring,,
2017-03-06,41.89,-70.11,Visual,1,Spring,,
2017-03-06,41.9,-70.19,Visual,1,Spring,,
2017-03-06,41.92,-70.26,Visual,1,Spring,,
2017-03-06,41.94,-70.13,Visual,1,Spring,,
2017-03-06,41.93,-70.23,Visual,1,Spring,,
2017-03-06,41.97,-70.12,Visual,1,Spring,,
2017-03-06,41.97,-70.26,Visual,1,Spring,,
2017-03-06,41.98,-70.23,Visual,1,Spring,,
2017-03-06,42.02,-70.26,Visual,1,Spring,,
2017-03-06,42.05,-70.4,Visual,1,Spring,,
2017-03-06,42.11,-70.31,Visual,1,Spring,,
2017-03-06,41.13,-70.5,Visual,1,Spring,,
2017-03-06,41.12,-70.5,Visual,1,Spring,,
2017-03-06,41.14,-70.57,Visual,1,Spring,,
2017-03-06,41.13,-70.58,Visual,1,Spring,,
2017-03-03,41.96,-70.18,Visual,1,Spring,,
2017-02-28,40.83,-70.11,Visual,1,Winter,,
2017-02-28,41.17,-70.3,Visual,1,Winter,,
2017-02-28,41.05,-70.71,Visual,1,Winter,,
2017-02-28,41.07,-70.7,Visual,1,Winter,,
2017-02-19,30.86,-81.17,Visual,1,Winter,,
2017-02-28,41.99,-70.38,Visual,1,Winter,,
2017-02-28,41.98,-70.14,Visual,1,Winter,,
2017-02-28,41.94,-70.17,Visual,1,Winter,,
2017-02-28,41.92,-70.17,Visual,1,Winter,,
2017-02-28,41.91,-70.18,Visual,1,Winter,,
2017-02-28,41.88,-70.26,Visual,1,Winter,,
2017-02-28,41.89,-70.16,Visual,1,Winter,,
2017-02-28,41.86,-70.16,Visual,1,Winter,,
2017-02-28,41.87,-70.16,Visual,1,Winter,,
2017-02-28,41.84,-70.21,Visual,1,Winter,,
2017-02-28,41.83,-70.22,Visual,1,Winter,,
2017-02-28,41.82,-70.17,Visual,1,Winter,,
2017-02-28,41.78,-70.23,Visual,1,Winter,,
2017-02-28,41.8,-70.22,Visual,1,Winter,,
2017-02-28,41.79,-70.26,Visual,1,Winter,,
2017-02-24,41.95,-70.17,Visual,1,Winter,,
2017-02-24,41.95,-70.16,Visual,1,Winter,,
2017-02-24,41.93,-70.18,Visual,1,Winter,,
2017-02-24,41.78,-70.28,Visual,1,Winter,,
2017-02-24,41.8,-70.27,Visual,1,Winter,,
2017-02-24,41.8,-70.43,Visual,1,Winter,,
2017-02-22,40.96,-70.31,Visual,1,Winter,,
2017-02-23,41.78,-70.48,Visual,1,Winter,,
2017-02-22,41.1,-70.61,Visual,1,Winter,,
2017-02-21,41.06,-70.65,Visual,1,Winter,,
2017-02-21,41.08,-70.61,Visual,1,Winter,,
2017-02-21,41.09,-70.6,Visual,1,Winter,,
2017-02-21,41.91,-70.17,Visual,1,Winter,,
2017-02-21,41.16,-70.91,Visual,1,Winter,,
2017-02-21,41.59,-69.55,Visual,1,Winter,,
2017-02-21,42.02,-70.22,Visual,1,Winter,,
2017-02-21,41.81,-70.22,Visual,1,Winter,,
2017-02-21,41.77,-70.22,Visual,1,Winter,,
2017-02-20,42.02,-70.18,Visual,1,Winter,,
2017-02-19,41.84,-70.27,Visual,1,Winter,,
2017-02-19,41.95,-70.19,Visual,1,Winter,,
2017-02-19,41.93,-70.19,Visual,1,Winter,,
2017-02-19,41.93,-70.18,Visual,1,Winter,,
2017-02-19,41.99,-70.19,Visual,1,Winter,,
2017-02-19,42.0,-70.17,Visual,1,Winter,,
2017-02-19,41.97,-70.16,Visual,1,Winter,,
2017-02-17,42.03,-70.14,Visual,1,Winter,,
2017-02-14,42.06,-70.41,Visual,1,Winter,,
2017-02-14,42.03,-70.11,Visual,1,Winter,,
2017-02-14,42.02,-70.1,Visual,1,Winter,,
2017-02-14,42.01,-70.1,Visual,1,Winter,,
2017-02-14,42.0,-70.1,Visual,1,Winter,,
2017-02-14,42.02,-70.32,Visual,1,Winter,,
2017-02-14,41.96,-70.15,Visual,1,Winter,,
2017-02-14,41.97,-70.14,Visual,1,Winter,,
2017-02-14,41.99,-70.14,Visual,1,Winter,,
2017-02-14,42.0,-70.14,Visual,1,Winter,,
2017-02-14,42.01,-70.15,Visual,1,Winter,,
2017-02-08,31.11,-81.22,Visual,1,Winter,,
2017-02-07,30.69,-81.36,Visual,1,Winter,,
2017-02-07,30.74,-81.34,Visual,1,Winter,,
2017-02-03,41.88,-70.18,Visual,1,Winter,,
2017-02-03,41.89,-70.16,Visual,1,Winter,,
2017-02-03,41.88,-70.16,Visual,1,Winter,,
2017-02-03,41.9,-70.17,Visual,1,Winter,,
2017-01-31,30.59,-81.28,Visual,1,Winter,,
2017-01-30,41.86,-70.23,Visual,1,Winter,,
2017-01-30,41.88,-70.17,Visual,1,Winter,,
2017-01-30,41.88,-70.15,Visual,1,Winter,,
2017-01-30,41.87,-70.16,Visual,1,Winter,,
2017-01-30,41.87,-70.14,Visual,1,Winter,,
2017-01-25,31.09,-81.24,Visual,1,Winter,,
2017-01-20,41.92,-70.19,Visual,1,Winter,,
2017-01-19,30.55,-81.22,Visual,1,Winter,,
2017-01-19,41.91,-70.22,Visual,1,Winter,,
2017-01-19,41.92,-70.22,Visual,1,Winter,,
2017-01-19,41.94,-70.23,Visual,1,Winter,,
2017-01-19,41.93,-70.24,Visual,1,Winter,,
2017-01-17,41.95,-70.22,Visual,1,Winter,,
2017-01-15,27.91,-80.47,Visual,1,Winter,,
2017-01-15,27.88,-80.45,Visual,1,Winter,,
2017-01-15,30.54,-81.26,Visual,1,Winter,,
2017-01-15,30.53,-81.28,Visual,1,Winter,,
2017-01-14,28.18,-80.59,Visual,1,Winter,,
2017-01-15,27.95,-80.49,Visual,1,Winter,,
2017-01-14,30.63,-81.1,Visual,1,Winter,,
2017-01-13,30.63,-81.14,Visual,1,Winter,,
2017-01-12,30.9,-81.21,Visual,1,Winter,,
2017-01-12,30.92,-81.23,Visual,1,Winter,,
2017-01-10,29.03,-80.89,Visual,1,Winter,,
2017-01-10,31.36,-80.97,Visual,1,Winter,,
2017-01-06,30.8,-80.88,Visual,1,Winter,,
2017-01-06,30.8,-80.82,Visual,1,Winter,,
2017-01-06,30.81,-80.79,Visual,1,Winter,,
2017-01-05,30.92,-81.07,Visual,1,Winter,,
2017-01-05,30.83,-81.02,Visual,1,Winter,,
2016-12-31,30.93,-81.17,Visual,1,Winter,,
2017-01-02,31.05,-81.24,Visual,1,Winter,,
2017-01-02,31.08,-81.3,Visual,1,Winter,,
2017-01-02,31.34,-81.1,Visual,1,Winter,,
2017-01-01,31.24,-81.25,Visual,1,Winter,,
2017-01-01,34.18,-77.81,Visual,1,Winter,,
2016-12-20,42.07,-70.25,Visual,1,Winter,,
2016-12-14,36.88,-75.87,Visual,1,Winter,,
2016-12-14,36.91,-75.8,Visual,1,Winter,,
2016-12-14,42.01,-70.14,Visual,1,Winter,,
2016-12-04,40.51,-73.91,Visual,1,Winter,,
2016-12-08,40.83,-72.48,Visual,1,Winter,,
2016-11-16,31.54,-81.06,Visual,1,Fall,,
2016-11-13,36.95,-75.82,Visual,1,Fall,,
2016-10-23,33.62,-78.95,Visual,1,Fall,,
2016-10-25,41.51,-69.44,Visual,1,Fall,,
2016-10-15,44.87,-66.7,Visual,1,Fall,,
2016-10-08,46.83,-60.82,Visual,1,Fall,,
2016-10-07,43.97,-68.13,Visual,1,Fall,,
2016-10-04,44.23,-68.11,Visual,1,Fall,,
2016-09-22,44.17,-67.81,Visual,1,Fall,,
2016-09-24,43.58,-69.74,Visual,1,Fall,,
2016-09-26,43.22,-68.73,Visual,1,Fall,,
2016-09-26,43.44,-67.96,Visual,1,Fall,,
2016-09-23,43.66,-69.62,Visual,1,Fall,,
2016-09-22,42.17,-70.22,Visual,1,Fall,,
2016-09-15,48.34,-63.58,Visual,1,Fall,,
2016-09-15,48.26,-63.66,Visual,1,Fall,,
2016-09-15,48.34,-64.01,Visual,1,Fall,,
2016-09-15,44.92,-66.67,Visual,1,Fall,,
2016-09-15,44.31,-66.74,Visual,1,Fall,,
2016-09-15,44.83,-66.39,Visual,1,Fall,,
2016-09-17,42.85,-70.53,Visual,1,Fall,,
2016-09-10,44.9,-66.64,Visual,1,Fall,,
2016-09-10,44.9,-66.63,Visual,1,Fall,,
2016-09-10,44.91,-66.61,Visual,1,Fall,,
2016-09-10,44.91,-66.6,Visual,1,Fall,,
2016-09-10,44.89,-66.4,Visual,1,Fall,,
2016-09-10,44.86,-66.38,Visual,1,Fall,,
2016-09-10,44.87,-66.39,Visual,1,Fall,,
2016-09-10,44.86,-66.4,Visual,1,Fall,,
2016-09-10,44.86,-66.41,Visual,1,Fall,,
2016-09-10,44.85,-66.4,Visual,1,Fall,,
2016-09-10,44.85,-66.41,Visual,1,Fall,,
2016-09-10,44.84,-66.42,Visual,1,Fall,,
2016-09-10,44.84,-66.43,Visual,1,Fall,,
2016-09-10,44.84,-66.46,Visual,1,Fall,,
2016-09-10,44.84,-66.45,Visual,1,Fall,,
2016-09-10,44.84,-66.49,Visual,1,Fall,,
2016-09-10,44.83,-66.49,Visual,1,Fall,,
2016-09-10,44.82,-66.53,Visual,1,Fall,,
2016-09-10,44.82,-66.55,Visual,1,Fall,,
2016-09-10,44.82,-66.56,Visual,1,Fall,,
2016-09-10,44.83,-66.57,Visual,1,Fall,,
2016-09-04,44.63,-66.49,Visual,1,Fall,,
2016-09-04,44.63,-66.48,Visual,1,Fall,,
2016-09-04,44.62,-66.48,Visual,1,Fall,,
2016-09-04,44.6,-66.46,Visual,1,Fall,,
2016-09-04,44.61,-66.47,Visual,1,Fall,,
2016-09-04,44.61,-66.48,Visual,1,Fall,,
2016-09-04,44.71,-66.36,Visual,1,Fall,,
2016-09-04,44.79,-66.37,Visual,1,Fall,,
2016-09-04,44.84,-66.53,Visual,1,Fall,,
2016-09-04,44.82,-66.55,Visual,1,Fall,,
2016-09-03,44.62,-66.54,Visual,1,Fall,,
2016-09-03,44.61,-66.54,Visual,1,Fall,,
2016-09-03,44.58,-66.45,Visual,1,Fall,,
2016-09-03,44.7,-66.47,Visual,1,Fall,,
2016-09-03,44.71,-66.47,Visual,1,Fall,,
2016-09-02,42.91,-70.5,Visual,1,Fall,,
2016-09-01,44.8,-66.85,Visual,1,Fall,,
2016-09-01,44.15,-67.81,Visual,1,Fall,,
2016-08-28,42.72,-70.67,Visual,1,Summer,,
2016-08-31,44.19,-66.2,Visual,1,Summer,,
2016-08-30,44.81,-66.66,Visual,1,Summer,,
2016-08-30,44.9,-66.73,Visual,1,Summer,,
2016-08-30,44.68,-66.6,Visual,1,Summer,,
2016-08-30,44.71,-66.59,Visual,1,Summer,,
2016-08-30,44.7,-66.51,Visual,1,Summer,,
2016-08-30,44.73,-66.49,Visual,1,Summer,,
2016-08-30,44.73,-66.47,Visual,1,Summer,,
2016-08-30,44.9,-66.72,Visual,1,Summer,,
2016-08-30,44.91,-66.77,Visual,1,Summer,,
2016-08-28,44.53,-66.5,Visual,1,Summer,,
2016-08-28,44.87,-66.57,Visual,1,Summer,,
2016-08-28,44.91,-66.62,Visual,1,Summer,,
2016-08-28,44.87,-66.67,Visual,1,Summer,,
2016-08-28,44.92,-66.82,Visual,1,Summer,,
2016-08-28,44.92,-66.78,Visual,1,Summer,,
2016-08-27,44.7,-66.55,Visual,1,Summer,,
2016-08-27,44.86,-66.8,Visual,1,Summer,,
2016-08-27,44.88,-66.67,Visual,1,Summer,,
2016-08-26,50.05,-64.13,Visual,1,Summer,,
2016-08-26,50.05,-64.14,Visual,1,Summer,,
2016-08-26,50.06,-64.79,Visual,1,Summer,,
2016-08-24,42.07,-70.24,Visual,1,Summer,,
2016-08-24,48.46,-63.91,Visual,1,Summer,,
2016-08-24,48.45,-64.24,Visual,1,Summer,,
2016-08-24,44.56,-66.5,Visual,1,Summer,,
2016-08-24,44.55,-66.5,Visual,1,Summer,,
2016-08-24,44.54,-66.51,Visual,1,Summer,,
2016-08-24,44.62,-66.44,Visual,1,Summer,,
2016-08-23,44.33,-66.34,Visual,1,Summer,,
2016-08-22,42.08,-70.24,Visual,1,Summer,,
2016-08-22,44.0,-68.06,Visual,1,Summer,,
2016-08-21,42.06,-70.25,Visual,1,Summer,,
2016-08-20,44.58,-66.48,Visual,1,Summer,,
2016-08-20,44.7,-66.43,Visual,1,Summer,,
2016-08-20,44.68,-66.49,Visual,1,Summer,,
2016-08-19,44.64,-66.46,Visual,1,Summer,,
2016-08-19,44.65,-66.45,Visual,1,Summer,,
2016-08-19,44.68,-66.42,Visual,1,Summer,,
2016-08-19,44.64,-66.61,Visual,1,Summer,,
2016-08-15,50.07,-64.52,Visual,1,Summer,,
2016-08-14,49.97,-64.42,Visual,1,Summer,,
2016-08-16,44.65,-66.62,Visual,1,Summer,,
2016-08-16,44.65,-66.61,Visual,1,Summer,,
2016-08-16,44.63,-66.6,Visual,1,Summer,,
2016-08-16,44.62,-66.6,Visual,1,Summer,,
2016-08-16,44.6,-66.6,Visual,1,Summer,,
2016-08-16,44.59,-66.59,Visual,1,Summer,,
2016-08-16,44.65,-66.5,Visual,1,Summer,,
2016-08-16,44.67,-66.51,Visual,1,Summer,,
2016-08-16,44.57,-66.43,Visual,1,Summer,,
2016-08-16,44.68,-66.43,Visual,1,Summer,,
2016-08-16,44.67,-66.46,Visual,1,Summer,,
2016-08-16,44.7,-66.48,Visual,1,Summer,,
2016-08-02,44.63,-66.49,Visual,1,Summer,,
2016-08-15,44.54,-66.44,Visual,1,Summer,,
2016-08-15,44.54,-66.49,Visual,1,Summer,,
2016-08-15,44.54,-66.5,Visual,1,Summer,,
2016-08-15,44.54,-66.51,Visual,1,Summer,,
2016-08-15,44.55,-66.51,Visual,1,Summer,,
2016-08-15,44.57,-66.53,Visual,1,Summer,,
2016-08-15,44.68,-66.57,Visual,1,Summer,,
2016-08-13,44.62,-66.47,Visual,1,Summer,,
2016-08-13,44.62,-66.46,Visual,1,Summer,,
2016-08-13,44.66,-66.51,Visual,1,Summer,,
2016-08-09,46.68,-61.02,Visual,1,Summer,,
2016-08-10,50.02,-64.15,Visual,1,Summer,,
2016-08-10,49.97,-64.78,Visual,1,Summer,,
2016-08-06,48.21,-69.5,Visual,1,Summer,,
2016-08-01,47.03,-60.63,Visual,1,Summer,,
2016-08-01,46.84,-60.9,Visual,1,Summer,,
2016-08-09,44.62,-66.51,Visual,1,Summer,,
2016-08-09,44.54,-66.5,Visual,1,Summer,,
2016-08-09,44.67,-66.43,Visual,1,Summer,,
2016-08-09,44.66,-66.47,Visual,1,Summer,,
2016-08-09,44.74,-66.49,Visual,1,Summer,,
2016-08-03,44.64,-66.53,Visual,1,Summer,,
2016-08-03,48.05,-63.69,Visual,1,Summer,,
2016-08-03,48.02,-63.71,Visual,1,Summer,,
2016-08-01,49.93,-64.71,Visual,1,Summer,,
2016-08-01,49.99,-64.76,Visual,1,Summer,,
2016-08-02,48.14,-63.52,Visual,1,Summer,,
2016-08-01,44.62,-66.6,Visual,1,Summer,,
2016-08-01,44.57,-66.56,Visual,1,Summer,,
2016-08-01,44.56,-66.55,Visual,1,Summer,,
2016-08-01,44.55,-66.54,Visual,1,Summer,,
2016-08-01,44.54,-66.55,Visual,1,Summer,,
2016-08-01,44.52,-66.54,Visual,1,Summer,,
2016-08-01,44.58,-66.47,Visual,1,Summer,,
2016-08-01,44.62,-66.55,Visual,1,Summer,,
2016-08-01,44.63,-66.53,Visual,1,Summer,,
2016-08-01,44.63,-66.49,Visual,1,Summer,,
2016-08-01,44.66,-66.44,Visual,1,Summer,,
2016-08-01,44.69,-66.46,Visual,1,Summer,,
2016-07-20,48.76,-64.18,Visual,1,Summer,,
2016-07-31,47.59,-63.59,Visual,1,Summer,,
2016-07-31,47.91,-63.91,Visual,1,Summer,,
2016-07-31,44.72,-66.42,Visual,1,Summer,,
2016-07-31,44.65,-66.44,Visual,1,Summer,,
2016-07-31,44.76,-66.38,Visual,1,Summer,,
2016-07-30,44.57,-66.53,Visual,1,Summer,,
2016-07-30,44.71,-66.52,Visual,1,Summer,,
2016-07-27,49.97,-65.02,Visual,1,Summer,,
2016-07-27,50.04,-64.84,Visual,1,Summer,,
2016-07-24,49.98,-64.86,Visual,1,Summer,,
2016-07-24,49.9,-64.75,Visual,1,Summer,,
2016-07-24,49.92,-64.75,Visual,1,Summer,,
2016-07-24,49.98,-64.66,Visual,1,Summer,,
2016-07-28,47.73,-63.77,Visual,1,Summer,,
2016-07-28,48.01,-63.65,Visual,1,Summer,,
2016-07-27,44.63,-66.37,Visual,1,Summer,,
2016-07-27,47.73,-63.89,Visual,1,Summer,,
2016-07-27,48.18,-63.85,Visual,1,Summer,,
2016-07-27,48.15,-63.91,Visual,1,Summer,,
2016-07-07,50.06,-64.3,Visual,1,Summer,,
2016-07-17,49.9,-64.69,Visual,1,Summer,,
2016-07-10,49.98,-64.86,Visual,1,Summer,,
2016-07-26,48.21,-64.21,Visual,1,Summer,,
2016-07-01,47.8,-63.79,Visual,1,Summer,,
2016-07-25,48.04,-63.76,Visual,1,Summer,,
2016-07-25,44.67,-66.37,Visual,1,Summer,,
2016-07-06,25.7,-79.5,Visual,1,Summer,,
2016-06-26,44.26,-67.01,Visual,1,Summer,,
2016-06-25,42.93,-65.18,Visual,1,Summer,,
2016-06-11,47.83,-64.13,Visual,1,Summer,,
2016-06-11,47.78,-64.03,Visual,1,Summer,,
2016-06-17,41.93,-68.41,Visual,1,Summer,,
2016-06-17,42.23,-67.84,Visual,1,Summer,,
2016-06-04,41.58,-69.31,Visual,1,Summer,,
2016-06-01,41.51,-68.66,Visual,1,Summer,,
2016-06-01,41.42,-68.74,Visual,1,Summer,,
2016-06-01,42.26,-68.66,Visual,1,Summer,,
2016-06-01,42.31,-68.65,Visual,1,Summer,,
2016-05-29,41.94,-68.84,Visual,1,Spring,,
2016-05-26,41.98,-68.77,Visual,1,Spring,,
2016-05-26,42.0,-68.73,Visual,1,Spring,,
2016-05-26,41.95,-68.52,Visual,1,Spring,,
2016-05-26,41.54,-69.46,Visual,1,Spring,,
2016-05-26,41.75,-68.6,Visual,1,Spring,,
2016-05-26,41.42,-69.01,Visual,1,Spring,,
2016-05-26,41.38,-69.14,Visual,1,Spring,,
2016-05-26,41.31,-69.29,Visual,1,Spring,,
2016-05-26,41.19,-69.19,Visual,1,Spring,,
2016-05-26,41.35,-68.84,Visual,1,Spring,,
2016-05-26,41.37,-68.75,Visual,1,Spring,,
2016-05-21,46.67,-60.29,Visual,1,Spring,,
2016-05-24,41.86,-70.23,Visual,1,Spring,,
2016-05-23,41.38,-69.13,Visual,1,Spring,,
2016-05-23,41.32,-69.05,Visual,1,Spring,,
2016-05-23,41.29,-69.04,Visual,1,Spring,,
2016-05-23,41.28,-69.05,Visual,1,Spring,,
2016-05-23,41.27,-69.07,Visual,1,Spring,,
2016-05-23,41.28,-69.06,Visual,1,Spring,,
2016-05-21,41.29,-69.27,Visual,1,Spring,,
2016-05-21,41.38,-69.11,Visual,1,Spring,,
2016-05-21,41.55,-68.63,Visual,1,Spring,,
2016-05-21,41.84,-68.29,Visual,1,Spring,,
2016-05-20,41.24,-69.0,Visual,1,Spring,,
2016-05-20,41.25,-69.0,Visual,1,Spring,,
2016-05-20,42.05,-68.8,Visual,1,Spring,,
2016-05-20,42.02,-68.87,Visual,1,Spring,,
2016-05-20,42.18,-68.68,Visual,1,Spring,,
2016-05-19,42.05,-68.98,Visual,1,Spring,,
2016-05-19,41.68,-69.46,Visual,1,Spring,,
2016-05-19,41.87,-69.04,Visual,1,Spring,,
2016-05-19,41.91,-68.56,Visual,1,Spring,,
2016-05-19,41.63,-69.67,Visual,1,Spring,,
2016-05-18,42.15,-69.29,Visual,1,Spring,,
2016-05-18,42.26,-68.69,Visual,1,Spring,,
2016-05-18,42.27,-68.45,Visual,1,Spring,,
2016-05-18,42.38,-69.19,Visual,1,Spring,,
2016-05-18,42.23,-69.48,Visual,1,Spring,,
2016-05-18,42.05,-68.98,Visual,1,Spring,,
2016-05-17,42.17,-70.21,Visual,1,Spring,,
2016-05-17,42.53,-69.71,Visual,1,Spring,,
2016-05-17,42.17,-70.24,Visual,1,Spring,,
2016-05-17,42.18,-70.27,Visual,1,Spring,,
2016-05-14,42.15,-70.31,Visual,1,Spring,,
2016-05-14,42.15,-70.46,Visual,1,Spring,,
2016-05-14,41.56,-69.35,Visual,1,Spring,,
2016-05-14,42.02,-68.65,Visual,1,Spring,,
2016-05-13,42.19,-70.35,Visual,1,Spring,,
2016-05-12,42.21,-70.37,Visual,1,Spring,,
2016-05-12,41.38,-68.71,Visual,1,Spring,,
2016-05-12,41.34,-68.88,Visual,1,Spring,,
2016-05-12,41.36,-68.91,Visual,1,Spring,,
2016-05-12,41.41,-69.03,Visual,1,Spring,,
2016-05-12,42.45,-68.47,Visual,1,Spring,,
2016-05-12,42.11,-68.58,Visual,1,Spring,,
2016-05-12,42.38,-68.9,Visual,1,Spring,,
2016-05-11,42.48,-68.62,Visual,1,Spring,,
2016-05-11,42.37,-68.7,Visual,1,Spring,,
2016-05-11,42.35,-68.97,Visual,1,Spring,,
2016-05-11,42.15,-70.19,Visual,1,Spring,,
2016-05-01,43.13,-70.3,Visual,1,Spring,,
2016-05-03,42.75,-69.8,Visual,1,Spring,,
2016-05-01,40.13,-70.24,Visual,1,Spring,,
2016-05-01,42.05,-70.41,Visual,1,Spring,,
2016-05-01,41.65,-69.78,Visual,1,Spring,,
2016-05-01,41.65,-69.77,Visual,1,Spring,,
2016-05-01,41.7,-69.82,Visual,1,Spring,,
2016-05-01,41.87,-68.3,Visual,1,Spring,,
2016-04-30,41.05,-70.27,Visual,1,Spring,,
2016-04-30,42.05,-70.26,Visual,1,Spring,,
2016-04-30,42.02,-70.14,Visual,1,Spring,,
2016-04-30,42.02,-69.61,Visual,1,Spring,,
2016-04-30,41.74,-69.27,Visual,1,Spring,,
2016-04-29,42.02,-70.41,Visual,1,Spring,,
2016-04-29,41.89,-70.19,Visual,1,Spring,,
2016-04-29,41.86,-70.38,Visual,1,Spring,,
2016-04-28,39.05,-73.45,Visual,1,Spring,,
2016-04-28,42.89,-70.29,Visual,1,Spring,,
2016-04-28,42.91,-70.15,Visual,1,Spring,,
2016-04-28,42.88,-70.33,Visual,1,Spring,,
2016-04-28,42.88,-70.42,Visual,1,Spring,,
2016-04-28,41.91,-70.41,Visual,1,Spring,,
2016-04-28,41.91,-70.42,Visual,1,Spring,,
2016-04-28,41.87,-70.18,Visual,1,Spring,,
2016-04-28,41.79,-70.44,Visual,1,Spring,,
2016-04-28,41.78,-70.49,Visual,1,Spring,,
2016-04-27,42.35,-69.42,Visual,1,Spring,,
2016-04-27,42.08,-69.56,Visual,1,Spring,,
2016-04-27,41.8,-70.44,Visual,1,Spring,,
2016-04-27,41.85,-70.4,Visual,1,Spring,,
2016-04-27,41.88,-70.41,Visual,1,Spring,,
2016-04-27,41.89,-70.43,Visual,1,Spring,,
2016-04-27,41.98,-70.53,Visual,1,Spring,,
2016-04-25,41.75,-70.31,Visual,1,Spring,,
2016-04-25,41.8,-70.27,Visual,1,Spring,,
2016-04-25,41.81,-70.41,Visual,1,Spring,,
2016-04-25,41.84,-70.39,Visual,1,Spring,,
2016-04-25,41.83,-70.42,Visual,1,Spring,,
2016-04-25,41.92,-70.51,Visual,1,Spring,,
2016-04-25,41.9,-70.46,Visual,1,Spring,,
2016-04-25,41.95,-70.53,Visual,1,Spring,,
2016-04-25,41.93,-70.53,Visual,1,Spring,,
2016-04-25,42.39,-70.16,Visual,1,Spring,,
2016-04-25,42.06,-69.59,Visual,1,Spring,,
2016-04-25,42.05,-69.59,Visual,1,Spring,,
2016-04-25,42.04,-69.59,Visual,1,Spring,,
2016-04-25,42.17,-69.9,Visual,1,Spring,,
2016-04-23,41.8,-70.42,Visual,1,Spring,,
2016-04-23,41.8,-70.39,Visual,1,Spring,,
2016-04-22,42.16,-70.69,Visual,1,Spring,,
2016-04-22,42.52,-70.8,Visual,1,Spring,,
2016-04-22,41.96,-70.52,Visual,1,Spring,,
2016-04-22,41.95,-70.5,Visual,1,Spring,,
2016-04-22,41.94,-70.49,Visual,1,Spring,,
2016-04-22,41.92,-70.47,Visual,1,Spring,,
2016-04-22,41.88,-70.48,Visual,1,Spring,,
2016-04-22,42.27,-69.59,Visual,1,Spring,,
2016-04-22,42.01,-69.72,Visual,1,Spring,,
2016-04-22,42.04,-69.77,Visual,1,Spring,,
2016-04-22,42.01,-69.78,Visual,1,Spring,,
2016-04-22,42.09,-69.76,Visual,1,Spring,,
2016-04-22,42.09,-69.78,Visual,1,Spring,,
2016-04-22,42.09,-69.79,Visual,1,Spring,,
2016-04-22,42.21,-69.85,Visual,1,Spring,,
2016-04-22,42.25,-69.83,Visual,1,Spring,,
2016-04-22,42.22,-70.04,Visual,1,Spring,,
2016-04-22,41.98,-70.49,Visual,1,Spring,,
2016-04-22,41.95,-70.49,Visual,1,Spring,,
2016-04-22,41.93,-70.49,Visual,1,Spring,,
2016-04-21,42.14,-69.84,Visual,1,Spring,,
2016-04-21,42.27,-69.79,Visual,1,Spring,,
2016-04-21,42.09,-69.86,Visual,1,Spring,,
2016-04-21,42.03,-69.87,Visual,1,Spring,,
2016-04-21,41.98,-69.87,Visual,1,Spring,,
2016-04-21,42.15,-70.0,Visual,1,Spring,,
2016-04-21,42.44,-70.92,Visual,1,Spring,,
2016-04-21,42.46,-70.86,Visual,1,Spring,,
2016-04-21,41.9,-70.47,Visual,1,Spring,,
2016-04-21,41.87,-70.43,Visual,1,Spring,,
2016-04-21,41.85,-70.46,Visual,1,Spring,,
2016-04-21,41.87,-70.46,Visual,1,Spring,,
2016-04-21,41.9,-70.5,Visual,1,Spring,,
2016-04-21,41.9,-70.49,Visual,1,Spring,,
2016-04-21,41.91,-70.48,Visual,1,Spring,,
2016-04-21,41.92,-70.48,Visual,1,Spring,,
2016-04-21,41.93,-70.49,Visual,1,Spring,,
2016-04-21,41.94,-70.49,Visual,1,Spring,,
2016-04-21,42.13,-70.07,Visual,1,Spring,,
2016-04-20,38.04,-75.94,Visual,1,Spring,,
2016-04-20,42.46,-70.91,Visual,1,Spring,,
2016-04-19,41.92,-69.81,Visual,1,Spring,,
2016-04-19,41.94,-69.82,Visual,1,Spring,,
2016-04-19,41.95,-69.83,Visual,1,Spring,,
2016-04-19,41.95,-69.82,Visual,1,Spring,,
2016-04-19,41.96,-69.82,Visual,1,Spring,,
2016-04-19,41.98,-69.82,Visual,1,Spring,,
2016-04-19,42.04,-69.74,Visual,1,Spring,,
2016-04-19,42.1,-69.83,Visual,1,Spring,,
2016-04-19,42.14,-69.76,Visual,1,Spring,,
2016-04-19,42.13,-69.78,Visual,1,Spring,,
2016-04-19,42.14,-69.79,Visual,1,Spring,,
2016-04-19,42.14,-69.8,Visual,1,Spring,,
2016-04-19,42.13,-69.82,Visual,1,Spring,,
2016-04-19,42.13,-69.8,Visual,1,Spring,,
2016-04-19,42.13,-70.01,Visual,1,Spring,,
2016-04-19,41.92,-70.43,Visual,1,Spring,,
2016-04-19,41.82,-69.85,Visual,1,Spring,,
2016-04-18,42.01,-70.3,Visual,1,Spring,,
2016-04-18,42.4,-70.88,Visual,1,Spring,,
2016-04-19,42.43,-70.89,Visual,1,Spring,,
2016-04-19,42.41,-70.93,Visual,1,Spring,,
2016-04-17,42.56,-70.77,Visual,1,Spring,,
2016-04-18,42.03,-70.53,Visual,1,Spring,,
2016-04-18,42.01,-70.51,Visual,1,Spring,,
2016-04-18,42.0,-70.32,Visual,1,Spring,,
2016-04-18,41.91,-70.44,Visual,1,Spring,,
2016-04-18,41.87,-70.43,Visual,1,Spring,,
2016-04-18,42.46,-70.64,Visual,1,Spring,,
2016-04-17,41.89,-70.45,Visual,1,Spring,,
2016-04-17,41.94,-70.46,Visual,1,Spring,,
2016-04-17,41.97,-70.46,Visual,1,Spring,,
2016-04-17,41.96,-70.36,Visual,1,Spring,,
2016-04-17,41.97,-70.3,Visual,1,Spring,,
2016-04-17,41.98,-70.29,Visual,1,Spring,,
2016-04-17,41.98,-70.28,Visual,1,Spring,,
2016-04-17,42.03,-70.48,Visual,1,Spring,,
2016-04-17,42.05,-70.5,Visual,1,Spring,,
2016-04-17,42.03,-70.52,Visual,1,Spring,,
2016-04-17,42.09,-70.33,Visual,1,Spring,,
2016-04-17,42.25,-70.12,Visual,1,Spring,,
2016-04-17,42.58,-70.68,Visual,1,Spring,,
2016-04-10,42.47,-70.63,Visual,1,Spring,,
2016-04-10,42.43,-70.68,Visual,1,Spring,,
2016-04-10,42.46,-70.67,Visual,1,Spring,,
2016-04-10,42.48,-70.63,Visual,1,Spring,,
2016-04-10,42.43,-70.69,Visual,1,Spring,,
2016-04-13,41.78,-70.3,Visual,1,Spring,,
2016-04-13,41.81,-70.26,Visual,1,Spring,,
2016-04-13,41.83,-70.3,Visual,1,Spring,,
2016-04-13,41.86,-70.32,Visual,1,Spring,,
2016-04-13,41.88,-70.19,Visual,1,Spring,,
2016-04-13,41.88,-70.35,Visual,1,Spring,,
2016-04-13,41.89,-70.35,Visual,1,Spring,,
2016-04-13,41.9,-70.35,Visual,1,Spring,,
2016-04-13,41.91,-70.18,Visual,1,Spring,,
2016-04-13,41.92,-70.15,Visual,1,Spring,,
2016-04-13,41.91,-70.35,Visual,1,Spring,,
2016-04-13,41.92,-70.36,Visual,1,Spring,,
2016-04-13,42.37,-70.74,Visual,1,Spring,,
2016-04-09,42.53,-70.48,Visual,1,Spring,,
2016-04-09,42.51,-70.51,Visual,1,Spring,,
2016-04-09,41.98,-70.47,Visual,1,Spring,,
2016-04-09,42.17,-70.42,Visual,1,Spring,,
2016-04-09,42.1,-70.4,Visual,1,Spring,,
2016-04-09,41.81,-70.39,Visual,1,Spring,,
2016-04-09,41.81,-70.25,Visual,1,Spring,,
2016-04-09,41.81,-70.26,Visual,1,Spring,,
2016-04-09,41.88,-70.35,Visual,1,Spring,,
2016-04-09,41.93,-70.24,Visual,1,Spring,,
2016-04-09,41.94,-70.49,Visual,1,Spring,,
2016-04-09,41.96,-70.19,Visual,1,Spring,,
2016-04-09,41.95,-70.18,Visual,1,Spring,,
2016-04-09,41.98,-70.14,Visual,1,Spring,,
2016-04-09,41.97,-70.13,Visual,1,Spring,,
2016-04-09,41.96,-70.35,Visual,1,Spring,,
2016-04-09,41.97,-70.34,Visual,1,Spring,,
2016-04-09,42.04,-70.35,Visual,1,Spring,,
2016-04-09,42.04,-70.46,Visual,1,Spring,,
2016-04-09,42.07,-70.55,Visual,1,Spring,,
2016-04-09,42.05,-70.38,Visual,1,Spring,,
2016-04-09,42.05,-70.36,Visual,1,Spring,,
2016-04-09,42.1,-70.55,Visual,1,Spring,,
2016-04-09,42.1,-70.57,Visual,1,Spring,,
2016-04-09,42.09,-70.55,Visual,1,Spring,,
2016-04-09,42.09,-70.54,Visual,1,Spring,,
2016-04-09,42.1,-70.54,Visual,1,Spring,,
2016-04-09,42.09,-70.24,Visual,1,Spring,,
2016-04-06,41.83,-70.34,Visual,1,Spring,,
2016-04-06,41.89,-70.28,Visual,1,Spring,,
2016-04-06,41.88,-70.29,Visual,1,Spring,,
2016-04-06,41.89,-70.29,Visual,1,Spring,,
2016-04-06,41.88,-70.28,Visual,1,Spring,,
2016-04-06,41.9,-70.31,Visual,1,Spring,,
2016-04-06,41.91,-70.27,Visual,1,Spring,,
2016-04-06,41.93,-70.26,Visual,1,Spring,,
2016-04-06,41.92,-70.27,Visual,1,Spring,,
2016-04-06,41.93,-70.43,Visual,1,Spring,,
2016-04-06,41.97,-70.47,Visual,1,Spring,,
2016-04-06,41.97,-70.46,Visual,1,Spring,,
2016-04-06,41.97,-70.45,Visual,1,Spring,,
2016-04-06,41.97,-70.41,Visual,1,Spring,,
2016-04-06,41.96,-70.24,Visual,1,Spring,,
2016-04-06,41.99,-70.23,Visual,1,Spring,,
2016-04-06,41.99,-70.24,Visual,1,Spring,,
2016-04-06,41.99,-70.47,Visual,1,Spring,,
2016-04-06,41.99,-70.25,Visual,1,Spring,,
2016-04-06,42.06,-70.3,Visual,1,Spring,,
2016-04-06,42.07,-70.45,Visual,1,Spring,,
2016-04-06,42.11,-70.49,Visual,1,Spring,,
2016-04-06,42.13,-70.48,Visual,1,Spring,,
2016-04-06,42.12,-70.47,Visual,1,Spring,,
2016-04-06,42.12,-70.49,Visual,1,Spring,,
2016-04-06,42.12,-70.5,Visual,1,Spring,,
2016-04-06,42.1,-70.46,Visual,1,Spring,,
2016-04-06,42.1,-70.25,Visual,1,Spring,,
2016-04-06,42.09,-70.25,Visual,1,Spring,,
2016-04-06,42.09,-70.22,Visual,1,Spring,,
2016-04-06,41.92,-69.91,Visual,1,Spring,,
2016-04-06,41.85,-69.89,Visual,1,Spring,,
2016-04-06,42.11,-70.48,Visual,1,Spring,,
2016-04-06,42.1,-70.42,Visual,1,Spring,,
2016-04-06,42.06,-70.31,Visual,1,Spring,,
2016-04-05,41.72,-70.32,Visual,1,Spring,,
2016-04-02,41.84,-70.44,Visual,1,Spring,,
2016-04-01,41.83,-70.42,Visual,1,Spring,,
2016-03-30,41.76,-70.36,Visual,1,Spring,,
2016-03-30,41.75,-70.35,Visual,1,Spring,,
2016-03-30,41.78,-70.3,Visual,1,Spring,,
2016-03-30,41.77,-70.3,Visual,1,Spring,,
2016-03-30,41.78,-70.35,Visual,1,Spring,,
2016-03-30,41.78,-70.38,Visual,1,Spring,,
2016-03-30,41.79,-70.4,Visual,1,Spring,,
2016-03-30,41.84,-70.39,Visual,1,Spring,,
2016-03-30,41.84,-70.43,Visual,1,Spring,,
2016-03-30,41.87,-70.33,Visual,1,Spring,,
2016-03-30,41.86,-70.23,Visual,1,Spring,,
2016-03-30,41.89,-70.31,Visual,1,Spring,,
2016-03-30,41.88,-70.35,Visual,1,Spring,,
2016-03-30,41.89,-70.48,Visual,1,Spring,,
2016-03-30,41.94,-70.26,Visual,1,Spring,,
2016-03-30,41.94,-70.34,Visual,1,Spring,,
2016-03-30,41.91,-70.37,Visual,1,Spring,,
2016-03-30,41.92,-70.38,Visual,1,Spring,,
2016-03-30,41.93,-70.37,Visual,1,Spring,,
2016-03-30,41.95,-70.38,Visual,1,Spring,,
2016-03-30,41.97,-70.4,Visual,1,Spring,,
2016-03-30,42.0,-70.31,Visual,1,Spring,,
2016-03-30,42.0,-70.39,Visual,1,Spring,,
2016-03-30,42.04,-70.28,Visual,1,Spring,,
2016-03-30,42.05,-70.29,Visual,1,Spring,,
2016-03-30,42.05,-70.3,Visual,1,Spring,,
2016-03-30,42.05,-70.51,Visual,1,Spring,,
2016-03-30,42.06,-70.49,Visual,1,Spring,,
2016-03-30,42.05,-70.37,Visual,1,Spring,,
2016-03-30,42.05,-70.38,Visual,1,Spring,,
2016-03-30,42.11,-70.4,Visual,1,Spring,,
2016-03-30,41.86,-70.32,Visual,1,Spring,,
2016-03-30,41.85,-70.43,Visual,1,Spring,,
2016-03-30,41.87,-70.4,Visual,1,Spring,,
2016-01-06,39.09,-74.19,Visual,1,Winter,,
2016-03-28,39.54,-74.25,Visual,1,Spring,,
2016-03-29,41.79,-70.45,Visual,1,Spring,,
2016-03-27,42.09,-70.09,Visual,1,Spring,,
2016-03-27,41.83,-70.45,Visual,1,Spring,,
2016-03-27,41.82,-70.46,Visual,1,Spring,,
2016-03-27,41.81,-70.45,Visual,1,Spring,,
2016-03-27,41.81,-70.41,Visual,1,Spring,,
2016-03-27,41.84,-70.31,Visual,1,Spring,,
2016-03-27,41.86,-70.47,Visual,1,Spring,,
2016-03-27,41.86,-70.44,Visual,1,Spring,,
2016-03-27,41.85,-70.45,Visual,1,Spring,,
2016-03-27,41.86,-70.42,Visual,1,Spring,,
2016-03-27,41.85,-70.41,Visual,1,Spring,,
2016-03-27,41.89,-70.46,Visual,1,Spring,,
2016-03-27,41.9,-70.48,Visual,1,Spring,,
2016-03-27,41.91,-70.45,Visual,1,Spring,,
2016-03-27,41.91,-70.46,Visual,1,Spring,,
2016-03-27,41.9,-70.45,Visual,1,Spring,,
2016-03-27,41.91,-70.44,Visual,1,Spring,,
2016-03-27,41.9,-70.42,Visual,1,Spring,,
2016-03-27,41.9,-70.38,Visual,1,Spring,,
2016-03-27,41.91,-70.31,Visual,1,Spring,,
2016-03-27,41.89,-70.24,Visual,1,Spring,,
2016-03-27,41.91,-70.22,Visual,1,Spring,,
2016-03-27,41.96,-70.22,Visual,1,Spring,,
2016-03-27,41.96,-70.25,Visual,1,Spring,,
2016-03-27,41.97,-70.25,Visual,1,Spring,,
2016-03-27,41.98,-70.25,Visual,1,Spring,,
2016-03-27,41.98,-70.24,Visual,1,Spring,,
2016-03-27,42.0,-70.25,Visual,1,Spring,,
2016-03-27,41.99,-70.25,Visual,1,Spring,,
2016-03-27,42.0,-70.26,Visual,1,Spring,,
2016-03-27,42.01,-70.25,Visual,1,Spring,,
2016-03-27,42.04,-70.28,Visual,1,Spring,,
2016-03-27,42.06,-70.3,Visual,1,Spring,,
2016-03-27,42.07,-70.25,Visual,1,Spring,,
2016-03-27,42.09,-70.54,Visual,1,Spring,,
2016-03-27,42.1,-70.28,Visual,1,Spring,,
2016-03-23,42.02,-70.36,Visual,1,Spring,,
2016-03-23,42.05,-70.35,Visual,1,Spring,,
2016-03-23,41.9,-70.23,Visual,1,Spring,,
2016-03-23,41.89,-70.25,Visual,1,Spring,,
2016-03-23,41.92,-70.36,Visual,1,Spring,,
2016-03-23,41.9,-70.37,Visual,1,Spring,,
2016-03-21,41.96,-70.39,Visual,1,Spring,,
2016-03-19,41.78,-70.18,Visual,1,Spring,,
2016-03-19,41.88,-70.22,Visual,1,Spring,,
2016-03-19,41.92,-70.39,Visual,1,Spring,,
2016-03-19,41.92,-70.27,Visual,1,Spring,,
2016-03-19,41.93,-70.38,Visual,1,Spring,,
2016-03-19,41.98,-70.21,Visual,1,Spring,,
2016-03-19,41.97,-70.19,Visual,1,Spring,,
2016-03-19,41.96,-70.18,Visual,1,Spring,,
2016-03-19,41.95,-70.2,Visual,1,Spring,,
2016-03-19,42.03,-70.3,Visual,1,Spring,,
2016-03-19,42.01,-70.23,Visual,1,Spring,,
2016-03-19,41.98,-70.2,Visual,1,Spring,,
2016-03-19,42.0,-70.19,Visual,1,Spring,,
2016-03-17,42.05,-70.24,Visual,1,Spring,,
2016-03-17,41.96,-70.13,Visual,1,Spring,,
2016-03-17,41.91,-70.14,Visual,1,Spring,,
2016-03-17,41.92,-70.15,Visual,1,Spring,,
2016-03-17,41.93,-70.13,Visual,1,Spring,,
2016-03-17,41.92,-70.14,Visual,1,Spring,,
2016-03-17,41.93,-70.2,Visual,1,Spring,,
2016-03-17,41.92,-70.21,Visual,1,Spring,,
2016-03-17,42.03,-70.16,Visual,1,Spring,,
2016-03-16,30.41,-81.33,Visual,1,Spring,,
2016-03-16,30.4,-81.37,Visual,1,Spring,,
2016-03-12,42.07,-70.25,Visual,1,Spring,,
2016-03-12,30.83,-81.12,Visual,1,Spring,,
2016-03-11,30.7,-81.29,Visual,1,Spring,,
2016-03-12,42.05,-70.14,Visual,1,Spring,,
2016-03-10,41.93,-70.21,Visual,1,Spring,,
2016-03-10,41.87,-70.23,Visual,1,Spring,,
2016-03-10,42.02,-70.2,Visual,1,Spring,,
2016-03-10,42.03,-70.22,Visual,1,Spring,,
2016-03-10,42.02,-70.19,Visual,1,Spring,,
2016-03-08,31.28,-81.08,Visual,1,Spring,,
2016-03-08,41.97,-70.34,Visual,1,Spring,,
2016-03-08,41.96,-70.36,Visual,1,Spring,,
2016-03-08,41.93,-70.22,Visual,1,Spring,,
2016-03-08,41.93,-70.23,Visual,1,Spring,,
2016-03-08,41.94,-70.21,Visual,1,Spring,,
2016-03-08,41.91,-70.24,Visual,1,Spring,,
2016-03-08,41.88,-70.38,Visual,1,Spring,,
2016-03-08,41.89,-70.28,Visual,1,Spring,,
2016-03-08,41.89,-70.29,Visual,1,Spring,,
2016-03-08,41.91,-70.26,Visual,1,Spring,,
2016-03-08,41.86,-70.25,Visual,1,Spring,,
2016-03-08,41.86,-70.36,Visual,1,Spring,,
2016-03-08,41.87,-70.36,Visual,1,Spring,,
2016-03-08,41.86,-70.35,Visual,1,Spring,,
2016-03-08,41.84,-70.37,Visual,1,Spring,,
2016-03-08,41.84,-70.36,Visual,1,Spring,,
2016-03-08,41.81,-70.28,Visual,1,Spring,,
2016-03-08,41.8,-70.41,Visual,1,Spring,,
2016-03-08,41.79,-70.42,Visual,1,Spring,,
2016-03-08,41.81,-70.25,Visual,1,Spring,,
2016-03-08,30.7,-81.09,Visual,1,Spring,,
2016-03-08,30.48,-81.31,Visual,1,Spring,,
2016-03-07,30.59,-81.25,Visual,1,Spring,,
2016-03-07,30.53,-81.22,Visual,1,Spring,,
2016-03-06,41.84,-70.2,Visual,1,Spring,,
2016-03-06,41.84,-70.22,Visual,1,Spring,,
2016-03-06,41.84,-70.43,Visual,1,Spring,,
2016-03-06,41.92,-70.22,Visual,1,Spring,,
2016-03-06,41.95,-70.36,Visual,1,Spring,,
2016-03-06,41.97,-70.38,Visual,1,Spring,,
2016-03-06,41.94,-70.27,Visual,1,Spring,,
2016-03-06,41.93,-70.24,Visual,1,Spring,,
2016-03-06,41.95,-70.26,Visual,1,Spring,,
2016-03-06,41.96,-70.22,Visual,1,Spring,,
2016-03-06,41.94,-70.22,Visual,1,Spring,,
2016-03-06,41.96,-70.26,Visual,1,Spring,,
2016-03-06,41.96,-70.23,Visual,1,Spring,,
2016-03-06,41.95,-70.21,Visual,1,Spring,,
2016-03-06,41.97,-70.23,Visual,1,Spring,,
2016-03-06,41.85,-70.46,Visual,1,Spring,,
2016-03-06,41.84,-70.34,Visual,1,Spring,,
2016-03-06,41.84,-70.31,Visual,1,Spring,,
2016-03-06,41.94,-70.21,Visual,1,Spring,,
2016-03-05,30.82,-81.27,Visual,1,Spring,,
2016-03-04,30.28,-81.39,Visual,1,Spring,,
2016-03-04,42.09,-70.23,Visual,1,Spring,,
2016-03-04,41.88,-70.21,Visual,1,Spring,,
2016-03-04,41.87,-70.21,Visual,1,Spring,,
2016-03-04,41.9,-70.23,Visual,1,Spring,,
2016-03-04,41.91,-70.21,Visual,1,Spring,,
2016-03-04,41.9,-70.24,Visual,1,Spring,,
2016-03-04,41.9,-70.27,Visual,1,Spring,,
2016-03-04,41.95,-70.18,Visual,1,Spring,,
2016-03-04,42.08,-70.22,Visual,1,Spring,,
2016-03-03,31.08,-81.2,Visual,1,Spring,,
2016-03-03,30.79,-81.35,Visual,1,Spring,,
2016-03-01,30.6,-81.28,Visual,1,Spring,,
2016-03-01,42.06,-70.52,Visual,1,Spring,,
2016-03-01,41.98,-70.15,Visual,1,Spring,,
2016-03-01,41.96,-70.41,Visual,1,Spring,,
2016-03-01,41.91,-70.21,Visual,1,Spring,,
2016-03-01,41.88,-70.18,Visual,1,Spring,,
2016-03-01,41.91,-70.19,Visual,1,Spring,,
2016-03-01,41.91,-70.17,Visual,1,Spring,,
2016-03-01,41.9,-70.2,Visual,1,Spring,,
2016-03-01,41.9,-70.19,Visual,1,Spring,,
2016-03-01,41.88,-70.19,Visual,1,Spring,,
2016-03-01,41.87,-70.19,Visual,1,Spring,,
2016-03-01,41.87,-70.42,Visual,1,Spring,,
2016-03-01,30.62,-81.29,Visual,1,Spring,,
2016-03-01,30.6,-81.32,Visual,1,Spring,,
2016-03-01,30.94,-81.17,Visual,1,Spring,,
2016-02-29,30.65,-81.42,Visual,1,Winter,,
2016-02-29,30.46,-81.28,Visual,1,Winter,,
2016-02-28,30.42,-81.14,Visual,1,Winter,,
2016-02-28,30.52,-81.18,Visual,1,Winter,,
2016-02-28,30.46,-81.13,Visual,1,Winter,,
2016-02-28,31.98,-80.76,Visual,1,Winter,,
2016-02-28,30.31,-81.13,Visual,1,Winter,,
2016-02-27,30.77,-81.26,Visual,1,Winter,,
2016-02-27,30.78,-81.27,Visual,1,Winter,,
2016-02-27,30.53,-81.32,Visual,1,Winter,,
2016-02-27,30.56,-81.38,Visual,1,Winter,,
2016-02-27,30.81,-81.3,Visual,1,Winter,,
2016-02-27,30.81,-81.29,Visual,1,Winter,,
2016-02-27,30.57,-81.41,Visual,1,Winter,,
2016-02-29,30.62,-81.43,Visual,1,Winter,,
2016-02-29,30.53,-81.23,Visual,1,Winter,,
2016-02-29,30.44,-81.34,Visual,1,Winter,,
2016-02-28,32.01,-80.75,Visual,1,Winter,,
2016-02-28,35.8,-75.52,Visual,1,Winter,,
2016-02-27,41.75,-70.37,Visual,1,Winter,,
2016-02-27,41.75,-70.34,Visual,1,Winter,,
2016-02-27,41.76,-70.25,Visual,1,Winter,,
2016-02-27,41.76,-70.27,Visual,1,Winter,,
2016-02-27,41.76,-70.3,Visual,1,Winter,,
2016-02-27,41.78,-70.37,Visual,1,Winter,,
2016-02-27,41.82,-70.31,Visual,1,Winter,,
2016-02-27,41.91,-70.34,Visual,1,Winter,,
2016-02-23,30.49,-80.85,Visual,1,Winter,,
2016-02-23,30.92,-81.23,Visual,1,Winter,,
2016-02-23,30.4,-81.34,Visual,1,Winter,,
2016-02-23,30.41,-81.35,Visual,1,Winter,,
2016-02-22,30.37,-81.2,Visual,1,Winter,,
2016-02-22,30.16,-81.13,Visual,1,Winter,,
2016-02-22,30.37,-81.15,Visual,1,Winter,,
2016-02-22,30.64,-81.27,Visual,1,Winter,,
2016-02-22,30.65,-81.12,Visual,1,Winter,,
2016-02-21,30.8,-81.24,Visual,1,Winter,,
2016-02-20,30.31,-81.3,Visual,1,Winter,,
2016-02-20,30.33,-81.35,Visual,1,Winter,,
2016-02-21,41.86,-70.36,Visual,1,Winter,,
2016-02-21,41.95,-70.29,Visual,1,Winter,,
2016-02-21,42.01,-70.44,Visual,1,Winter,,
2016-02-21,41.98,-70.19,Visual,1,Winter,,
2016-02-21,42.03,-70.44,Visual,1,Winter,,
2016-02-21,42.11,-70.46,Visual,1,Winter,,
2016-02-21,30.78,-81.26,Visual,1,Winter,,
2016-02-21,30.53,-81.29,Visual,1,Winter,,
2016-02-21,30.46,-81.35,Visual,1,Winter,,
2016-02-21,30.8,-81.36,Visual,1,Winter,,
2016-02-20,30.73,-81.19,Visual,1,Winter,,
2016-02-20,30.88,-81.27,Visual,1,Winter,,
2016-02-20,30.56,-81.35,Visual,1,Winter,,
2016-02-19,41.87,-70.17,Visual,1,Winter,,
2016-02-19,41.99,-70.37,Visual,1,Winter,,
2016-02-19,42.04,-70.41,Visual,1,Winter,,
2016-02-17,30.27,-81.33,Visual,1,Winter,,
2016-02-17,29.01,-80.87,Visual,1,Winter,,
2016-02-17,29.15,-80.93,Visual,1,Winter,,
2016-02-17,30.65,-81.23,Visual,1,Winter,,
2016-02-16,30.67,-81.26,Visual,1,Winter,,
2016-02-16,30.34,-81.24,Visual,1,Winter,,
2016-02-16,30.13,-81.0,Visual,1,Winter,,
2016-02-16,30.29,-81.09,Visual,1,Winter,,
2016-02-16,29.09,-80.93,Visual,1,Winter,,
2016-02-18,41.75,-70.4,Visual,1,Winter,,
2016-02-17,41.94,-70.43,Visual,1,Winter,,
2016-02-16,30.64,-81.33,Visual,1,Winter,,
2016-02-16,30.59,-81.31,Visual,1,Winter,,
2016-02-15,29.23,-81.01,Visual,1,Winter,,
2016-02-12,30.0,-81.1,Visual,1,Winter,,
2016-02-14,29.31,-81.04,Visual,1,Winter,,
2016-02-12,42.03,-70.3,Visual,1,Winter,,
2016-02-12,41.86,-70.35,Visual,1,Winter,,
2016-02-12,29.85,-81.02,Visual,1,Winter,,
2016-02-11,31.14,-81.05,Visual,1,Winter,,
2016-02-02,42.2,-70.63,Visual,1,Winter,,
2016-02-09,27.87,-80.44,Visual,1,Winter,,
2016-02-08,27.85,-80.46,Visual,1,Winter,,
2016-02-06,28.21,-80.59,Visual,1,Winter,,
2010-04-06,41.87,-70.36,Visual,1,Spring,,
2016-02-07,42.02,-70.43,Visual,1,Winter,,
2016-02-07,41.88,-70.24,Visual,1,Winter,,
2016-02-06,38.22,-74.7,Visual,1,Winter,,
2016-01-29,26.92,-80.05,Visual,1,Winter,,
2016-02-01,28.23,-80.23,Visual,1,Winter,,
2016-02-01,30.64,-81.23,Visual,1,Winter,,
2016-02-02,28.91,-80.81,Visual,1,Winter,,
2016-01-31,30.96,-81.35,Visual,1,Winter,,
2016-02-01,29.07,-80.88,Visual,1,Winter,,
2016-02-01,30.7,-81.2,Visual,1,Winter,,
2016-01-31,32.07,-80.58,Visual,1,Winter,,
2016-02-01,29.09,-80.92,Visual,1,Winter,,
2016-02-01,30.19,-81.27,Visual,1,Winter,,
2016-01-31,29.2,-80.99,Visual,1,Winter,,
2016-01-31,31.01,-81.21,Visual,1,Winter,,
2016-01-31,30.58,-81.16,Visual,1,Winter,,
2016-01-31,30.6,-81.16,Visual,1,Winter,,
2016-01-31,30.61,-81.16,Visual,1,Winter,,
2016-01-31,30.59,-81.14,Visual,1,Winter,,
2016-02-02,36.98,-75.57,Visual,1,Winter,,
2016-02-01,30.97,-80.99,Visual,1,Winter,,
2016-02-01,30.7,-81.24,Visual,1,Winter,,
2016-02-01,30.74,-81.32,Visual,1,Winter,,
2016-02-01,30.65,-81.24,Visual,1,Winter,,
2016-02-01,30.59,-81.08,Visual,1,Winter,,
2016-01-30,37.08,-75.51,Visual,1,Winter,,
2016-01-30,38.23,-74.85,Visual,1,Winter,,
2016-01-31,31.03,-81.22,Visual,1,Winter,,
2016-01-31,27.09,-80.1,Visual,1,Winter,,
2016-01-31,30.91,-81.29,Visual,1,Winter,,
2016-01-31,26.93,-80.06,Visual,1,Winter,,
2016-01-30,30.62,-81.33,Visual,1,Winter,,
2016-01-30,26.34,-80.05,Visual,1,Winter,,
2016-01-30,26.35,-80.06,Visual,1,Winter,,
2016-01-30,29.28,-81.03,Visual,1,Winter,,
2016-01-30,31.06,-81.27,Visual,1,Winter,,
2016-01-29,26.58,-80.03,Visual,1,Winter,,
2016-01-30,30.73,-81.32,Visual,1,Winter,,
2016-01-30,30.55,-81.33,Visual,1,Winter,,
2016-01-30,41.94,-70.39,Visual,1,Winter,,
2016-01-30,41.84,-70.4,Visual,1,Winter,,
2016-01-29,29.36,-81.07,Visual,1,Winter,,
2016-01-26,30.58,-81.23,Visual,1,Winter,,
2016-01-25,30.58,-81.2,Visual,1,Winter,,
2016-01-25,30.71,-81.37,Visual,1,Winter,,
2016-01-25,30.62,-81.22,Visual,1,Winter,,
2016-01-25,30.78,-81.27,Visual,1,Winter,,
2016-01-25,30.74,-81.26,Visual,1,Winter,,
2016-01-25,30.7,-81.28,Visual,1,Winter,,
2016-01-25,31.24,-80.95,Visual,1,Winter,,
2016-01-25,31.28,-81.13,Visual,1,Winter,,
2016-01-24,31.52,-81.04,Visual,1,Winter,,
2016-01-21,30.76,-81.24,Visual,1,Winter,,
2016-01-21,30.77,-81.25,Visual,1,Winter,,
2016-01-21,28.46,-80.48,Visual,1,Winter,,
2016-01-21,30.76,-81.26,Visual,1,Winter,,
2016-01-21,30.73,-81.01,Visual,1,Winter,,
2016-01-21,30.49,-81.2,Visual,1,Winter,,
2016-01-21,29.99,-81.31,Visual,1,Winter,,
2016-01-21,31.13,-80.75,Visual,1,Winter,,
2016-01-20,28.28,-80.6,Visual,1,Winter,,
2016-01-19,28.39,-80.59,Visual,1,Winter,,
2016-01-20,30.57,-81.41,Visual,1,Winter,,
2016-01-20,30.75,-81.1,Visual,1,Winter,,
2016-01-19,30.92,-81.01,Visual,1,Winter,,
2015-12-12,32.65,-79.72,Visual,1,Winter,,
2015-12-12,32.57,-79.7,Visual,1,Winter,,
2016-01-17,30.33,-81.31,Visual,1,Winter,,
2016-01-16,30.0,-81.18,Visual,1,Winter,,
2016-01-15,41.84,-70.33,Visual,1,Winter,,
2016-01-15,41.83,-70.32,Visual,1,Winter,,
2016-01-14,30.45,-81.38,Visual,1,Winter,,
2016-01-14,31.0,-81.31,Visual,1,Winter,,
2016-01-13,30.53,-81.18,Visual,1,Winter,,
2016-01-13,30.98,-80.97,Visual,1,Winter,,
2016-01-12,42.47,-69.64,Visual,1,Winter,,
2016-01-11,29.95,-81.16,Visual,1,Winter,,
2016-01-11,30.03,-81.3,Visual,1,Winter,,
2016-01-12,31.09,-81.29,Visual,1,Winter,,
2016-01-12,30.98,-81.29,Visual,1,Winter,,
2016-01-11,31.05,-80.88,Visual,1,Winter,,
2016-01-11,31.43,-81.06,Visual,1,Winter,,
2016-01-09,41.06,-71.4,Visual,1,Winter,,
2016-01-07,41.84,-70.23,Visual,1,Winter,,
2016-01-03,30.37,-81.39,Visual,1,Winter,,
2016-01-03,32.52,-79.95,Visual,1,Winter,,
2015-12-31,30.37,-81.32,Visual,1,Winter,,
2015-12-30,31.41,-81.02,Visual,1,Winter,,
2015-12-27,31.29,-81.21,Visual,1,Winter,,
2015-12-26,31.02,-81.18,Visual,1,Winter,,
2015-12-26,42.57,-70.1,Visual,1,Winter,,
2015-12-12,31.85,-80.87,Visual,1,Winter,,
2015-12-11,31.52,-81.12,Visual,1,Winter,,
2015-11-29,33.75,-78.47,Visual,1,Fall,,
2015-12-22,30.11,-81.34,Visual,1,Winter,,
2015-12-11,30.35,-81.38,Visual,1,Winter,,
2015-12-10,30.06,-81.31,Visual,1,Winter,,
2015-12-17,31.39,-80.87,Visual,1,Winter,,
2015-12-12,31.08,-81.12,Visual,1,Winter,,
2015-12-12,31.01,-81.03,Visual,1,Winter,,
2015-12-11,31.11,-81.14,Visual,1,Winter,,
2015-12-10,31.03,-81.22,Visual,1,Winter,,
2015-12-09,30.31,-81.13,Visual,1,Winter,,
2015-12-04,39.35,-74.4,Visual,1,Winter,,
2015-11-29,42.61,-70.63,Visual,1,Fall,,
2015-11-29,41.99,-69.86,Visual,1,Fall,,
2015-11-02,42.03,-70.14,Visual,1,Fall,,
2015-11-09,42.08,-70.09,Visual,1,Fall,,
2015-11-09,42.07,-70.06,Visual,1,Fall,,
2015-11-02,41.78,-70.48,Visual,1,Fall,,
2015-10-30,41.83,-70.47,Visual,1,Fall,,
2015-10-12,43.92,-68.12,Visual,1,Fall,,
2015-09-28,43.56,-69.69,Visual,1,Fall,,
2015-09-25,43.54,-69.73,Visual,1,Fall,,
2015-09-26,44.29,-66.26,Visual,1,Fall,,
2015-09-25,44.62,-66.46,Visual,1,Fall,,
2015-09-25,44.62,-66.45,Visual,1,Fall,,
2015-09-22,44.91,-66.62,Visual,1,Fall,,
2015-09-22,44.81,-66.54,Visual,1,Fall,,
2015-09-17,42.93,-65.65,Visual,1,Fall,,
2015-09-17,42.8,-65.7,Visual,1,Fall,,
2015-09-13,42.92,-65.27,Visual,1,Fall,,
2015-09-13,42.94,-65.22,Visual,1,Fall,,
2015-09-12,42.94,-65.2,Visual,1,Fall,,
2015-09-07,42.75,-70.68,Visual,1,Fall,,
2015-09-06,42.82,-70.8,Visual,1,Fall,,
2015-09-04,45.02,-66.88,Visual,1,Fall,,
2015-09-05,41.76,-70.44,Visual,1,Fall,,
2015-09-02,41.95,-70.62,Visual,1,Fall,,
2015-09-01,44.31,-67.33,Visual,1,Fall,,
2015-09-01,44.28,-67.35,Visual,1,Fall,,
2015-08-23,41.02,-71.75,Visual,1,Summer,,
2015-08-30,41.74,-70.34,Visual,1,Summer,,
2015-08-29,41.99,-70.59,Visual,1,Summer,,
2015-08-27,41.54,-69.99,Visual,1,Summer,,
2015-08-28,44.74,-66.34,Visual,1,Summer,,
2015-08-28,42.32,-70.88,Visual,1,Summer,,
2015-08-18,49.91,-63.33,Visual,1,Summer,,
2015-08-27,47.98,-65.1,Visual,1,Summer,,
2015-08-05,44.68,-66.56,Visual,1,Summer,,
2015-08-25,48.03,-64.87,Visual,1,Summer,,
2015-08-23,44.64,-66.45,Visual,1,Summer,,
2015-08-20,48.11,-63.56,Visual,1,Summer,,
2015-08-20,48.15,-63.61,Visual,1,Summer,,
2015-08-20,48.16,-63.63,Visual,1,Summer,,
2015-08-20,48.18,-63.66,Visual,1,Summer,,
2015-08-20,48.39,-63.74,Visual,1,Summer,,
2015-08-20,48.36,-63.79,Visual,1,Summer,,
2015-08-19,45.66,-61.81,Visual,1,Summer,,
2015-08-16,43.18,-61.48,Visual,1,Summer,,
2015-08-16,46.8,-60.9,Visual,1,Summer,,
2015-08-10,48.02,-63.79,Visual,1,Summer,,
2015-08-10,48.03,-63.95,Visual,1,Summer,,
2015-08-10,47.83,-63.9,Visual,1,Summer,,
2015-08-10,47.81,-63.89,Visual,1,Summer,,
2015-08-10,47.75,-64.02,Visual,1,Summer,,
2015-08-10,47.58,-64.13,Visual,1,Summer,,
2015-08-08,47.79,-64.02,Visual,1,Summer,,
2015-08-07,48.06,-63.75,Visual,1,Summer,,
2015-08-07,48.07,-63.74,Visual,1,Summer,,
2015-08-07,48.01,-63.71,Visual,1,Summer,,
2015-08-07,47.94,-63.76,Visual,1,Summer,,
2015-08-07,47.93,-63.91,Visual,1,Summer,,
2015-07-29,44.4,-66.33,Visual,1,Summer,,
2015-07-29,46.53,-63.34,Visual,1,Summer,,
2014-09-09,51.36,-55.55,Visual,1,Fall,,
2015-08-01,42.3,-70.8,Visual,1,Summer,,
2015-07-31,42.29,-70.77,Visual,1,Summer,,
2015-07-27,42.03,-70.22,Visual,1,Summer,,
2015-07-23,40.81,-72.6,Visual,1,Summer,,
2015-07-22,41.1,-71.55,Visual,1,Summer,,
2015-07-10,44.26,-66.34,Visual,1,Summer,,
2015-07-23,42.04,-70.56,Visual,1,Summer,,
2015-07-17,44.13,-67.66,Visual,1,Summer,,
2015-07-16,44.04,-67.75,Visual,1,Summer,,
2015-07-14,44.09,-67.69,Visual,1,Summer,,
2015-07-13,47.44,-62.45,Visual,1,Summer,,
2015-07-09,48.36,-62.33,Visual,1,Summer,,
2015-07-14,44.02,-67.69,Visual,1,Summer,,
2015-07-10,44.4,-66.72,Visual,1,Summer,,
2015-07-10,44.27,-66.34,Visual,1,Summer,,
2015-07-10,48.1,-69.57,Visual,1,Summer,,
2015-07-07,44.32,-66.41,Visual,1,Summer,,
2015-06-27,44.23,-66.57,Visual,1,Summer,,
2015-07-05,44.23,-66.43,Visual,1,Summer,,
2015-07-04,43.01,-70.34,Visual,1,Summer,,
2015-06-24,44.65,-66.48,Visual,1,Summer,,
2015-06-22,44.63,-66.52,Visual,1,Summer,,
2015-07-03,44.28,-66.34,Visual,1,Summer,,
2015-07-03,41.93,-69.03,Visual,1,Summer,,
2015-06-28,44.3,-66.35,Visual,1,Summer,,
2015-06-30,42.23,-70.15,Visual,1,Summer,,
2015-06-27,44.54,-66.56,Visual,1,Summer,,
2015-06-25,42.02,-70.21,Visual,1,Summer,,
2015-06-24,42.92,-70.44,Visual,1,Summer,,
2015-06-23,44.32,-66.4,Visual,1,Summer,,
2015-06-22,42.64,-69.35,Visual,1,Summer,,
2015-06-12,46.42,-64.34,Visual,1,Summer,,
2015-06-18,40.44,-67.64,Visual,1,Summer,,
2015-06-13,44.38,-66.48,Visual,1,Summer,,
2015-06-14,42.21,-66.84,Visual,1,Summer,,
2015-06-06,44.29,-66.34,Visual,1,Summer,,
2015-06-07,42.29,-69.86,Visual,1,Summer,,
2015-06-04,42.03,-67.93,Visual,1,Summer,,
2015-06-04,41.99,-68.06,Visual,1,Summer,,
2015-05-30,41.72,-69.1,Visual,1,Spring,,
2015-05-28,41.09,-69.24,Visual,1,Spring,,
2015-05-28,41.29,-69.14,Visual,1,Spring,,
2015-05-28,41.29,-68.84,Visual,1,Spring,,
2015-05-25,41.59,-69.49,Visual,1,Spring,,
2015-05-22,41.26,-70.22,Visual,1,Spring,,
2015-05-22,41.69,-69.64,Visual,1,Spring,,
2015-05-22,42.01,-69.6,Visual,1,Spring,,
2015-05-22,42.14,-69.27,Visual,1,Spring,,
2015-05-22,41.72,-69.6,Visual,1,Spring,,
2015-05-21,41.4,-69.16,Visual,1,Spring,,
2015-05-21,41.39,-69.19,Visual,1,Spring,,
2015-05-21,41.49,-68.93,Visual,1,Spring,,
2015-05-20,41.5,-69.02,Visual,1,Spring,,
2015-05-20,41.5,-69.04,Visual,1,Spring,,
2015-05-20,41.41,-69.11,Visual,1,Spring,,
2015-05-20,41.42,-69.1,Visual,1,Spring,,
2015-05-20,41.44,-69.07,Visual,1,Spring,,
2015-05-20,41.33,-69.16,Visual,1,Spring,,
2015-05-20,41.34,-69.07,Visual,1,Spring,,
2015-05-20,41.38,-69.05,Visual,1,Spring,,
2015-05-19,45.85,-59.72,Visual,1,Spring,,
2015-05-18,41.51,-69.0,Visual,1,Spring,,
2015-05-17,41.75,-70.43,Visual,1,Spring,,
2015-05-16,41.22,-68.97,Visual,1,Spring,,
2015-05-15,42.95,-69.62,Visual,1,Spring,,
2015-05-15,42.72,-69.4,Visual,1,Spring,,
2015-05-15,42.92,-68.98,Visual,1,Spring,,
2015-05-15,41.81,-70.43,Visual,1,Spring,,
2015-05-14,42.72,-69.12,Visual,1,Spring,,
2015-05-14,43.05,-68.91,Visual,1,Spring,,
2015-05-13,40.78,-69.45,Visual,1,Spring,,
2015-05-12,42.04,-70.17,Visual,1,Spring,,
2015-05-09,41.81,-70.23,Visual,1,Spring,,
2015-05-09,41.8,-70.53,Visual,1,Spring,,
2015-05-09,42.02,-70.44,Visual,1,Spring,,
2015-05-09,41.84,-70.25,Visual,1,Spring,,
2015-05-09,41.83,-70.28,Visual,1,Spring,,
2015-05-09,41.83,-70.27,Visual,1,Spring,,
2015-05-03,41.79,-70.29,Visual,1,Spring,,
2015-05-03,41.78,-70.29,Visual,1,Spring,,
2015-05-03,41.76,-70.29,Visual,1,Spring,,
2015-05-11,42.03,-70.25,Visual,1,Spring,,
2015-05-11,42.0,-70.32,Visual,1,Spring,,
2015-05-11,41.99,-70.35,Visual,1,Spring,,
2015-05-11,41.91,-70.18,Visual,1,Spring,,
2015-05-11,41.89,-70.21,Visual,1,Spring,,
2015-05-11,41.87,-70.26,Visual,1,Spring,,
2015-05-11,41.84,-70.27,Visual,1,Spring,,
2015-05-11,41.81,-70.3,Visual,1,Spring,,
2015-05-11,41.8,-70.35,Visual,1,Spring,,
2015-05-11,42.12,-70.3,Visual,1,Spring,,
2015-05-11,42.06,-70.25,Visual,1,Spring,,
2015-05-10,41.86,-70.52,Visual,1,Spring,,
2015-05-10,41.94,-70.55,Visual,1,Spring,,
2015-05-10,42.0,-70.61,Visual,1,Spring,,
2015-05-10,42.0,-70.58,Visual,1,Spring,,
2015-05-10,41.98,-70.57,Visual,1,Spring,,
2015-05-09,41.99,-70.61,Visual,1,Spring,,
2015-05-08,41.96,-70.51,Visual,1,Spring,,
2015-05-08,41.97,-70.43,Visual,1,Spring,,
2015-05-08,41.99,-70.32,Visual,1,Spring,,
2015-05-09,41.83,-70.26,Visual,1,Spring,,
2015-05-09,41.85,-70.45,Visual,1,Spring,,
2015-05-09,41.9,-70.42,Visual,1,Spring,,
2015-05-09,41.94,-70.4,Visual,1,Spring,,
2015-05-09,41.77,-70.56,Visual,1,Spring,,
2015-05-08,41.69,-69.41,Visual,1,Spring,,
2015-05-08,41.7,-69.46,Visual,1,Spring,,
2015-05-08,41.73,-69.04,Visual,1,Spring,,
2015-05-08,41.9,-68.68,Visual,1,Spring,,
2015-05-08,41.59,-69.0,Visual,1,Spring,,
2015-05-08,41.57,-69.03,Visual,1,Spring,,
2015-05-08,41.57,-69.07,Visual,1,Spring,,
2015-05-08,41.49,-69.23,Visual,1,Spring,,
2015-05-08,42.06,-70.58,Visual,1,Spring,,
2015-05-08,42.06,-70.61,Visual,1,Spring,,
2015-05-08,42.04,-70.53,Visual,1,Spring,,
2015-05-08,41.92,-70.45,Visual,1,Spring,,
2015-05-08,41.91,-70.48,Visual,1,Spring,,
2015-05-08,41.84,-70.22,Visual,1,Spring,,
2015-05-08,41.86,-70.32,Visual,1,Spring,,
2015-05-08,41.87,-70.35,Visual,1,Spring,,
2015-05-08,41.86,-70.46,Visual,1,Spring,,
2015-05-08,41.87,-70.48,Visual,1,Spring,,
2015-05-08,41.84,-70.42,Visual,1,Spring,,
2015-05-08,41.82,-70.36,Visual,1,Spring,,
2015-05-08,41.82,-70.33,Visual,1,Spring,,
2015-05-08,41.83,-70.29,Visual,1,Spring,,
2015-05-08,41.84,-70.27,Visual,1,Spring,,
2015-05-08,41.81,-70.39,Visual,1,Spring,,
2015-05-08,41.79,-70.42,Visual,1,Spring,,
2015-05-08,41.82,-70.41,Visual,1,Spring,,
2015-05-08,41.83,-70.44,Visual,1,Spring,,
2015-05-08,41.8,-70.46,Visual,1,Spring,,
2015-05-08,41.79,-70.39,Visual,1,Spring,,
2015-05-08,42.1,-70.64,Visual,1,Spring,,
2015-05-08,42.19,-70.71,Visual,1,Spring,,
2015-05-07,41.83,-70.28,Visual,1,Spring,,
2015-05-07,41.82,-70.28,Visual,1,Spring,,
2015-05-07,42.16,-70.7,Visual,1,Spring,,
2015-05-07,42.05,-70.63,Visual,1,Spring,,
2015-05-07,42.03,-70.57,Visual,1,Spring,,
2015-05-07,42.03,-70.5,Visual,1,Spring,,
2015-05-07,41.38,-71.03,Visual,1,Spring,,
2015-05-07,40.85,-70.54,Visual,1,Spring,,
2015-05-06,42.49,-70.86,Visual,1,Spring,,
2015-05-06,42.08,-70.64,Visual,1,Spring,,
2015-05-06,42.11,-70.63,Visual,1,Spring,,
2015-05-06,42.06,-70.62,Visual,1,Spring,,
2015-05-06,42.05,-70.63,Visual,1,Spring,,
2015-05-06,42.04,-70.62,Visual,1,Spring,,
2015-05-06,42.04,-70.61,Visual,1,Spring,,
2015-05-06,42.04,-70.6,Visual,1,Spring,,
2015-05-06,42.04,-70.55,Visual,1,Spring,,
2015-05-06,41.99,-70.46,Visual,1,Spring,,
2015-05-06,41.96,-70.42,Visual,1,Spring,,
2015-05-06,41.96,-70.44,Visual,1,Spring,,
2015-05-06,41.96,-70.46,Visual,1,Spring,,
2015-05-06,41.95,-70.53,Visual,1,Spring,,
2015-05-06,41.94,-70.47,Visual,1,Spring,,
2015-05-06,41.94,-70.36,Visual,1,Spring,,
2015-05-06,41.9,-70.21,Visual,1,Spring,,
2015-05-06,41.86,-70.2,Visual,1,Spring,,
2015-05-06,41.85,-70.25,Visual,1,Spring,,
2015-05-06,41.86,-70.27,Visual,1,Spring,,
2015-05-06,41.83,-70.45,Visual,1,Spring,,
2015-05-06,41.82,-70.36,Visual,1,Spring,,
2015-05-06,41.82,-70.4,Visual,1,Spring,,
2015-05-06,41.82,-70.39,Visual,1,Spring,,
2015-05-06,41.83,-70.38,Visual,1,Spring,,
2015-05-06,41.82,-70.35,Visual,1,Spring,,
2015-05-06,41.85,-70.23,Visual,1,Spring,,
2015-05-06,41.83,-70.23,Visual,1,Spring,,
2015-05-06,41.86,-70.23,Visual,1,Spring,,
2015-05-06,41.86,-70.21,Visual,1,Spring,,
2015-05-06,41.84,-70.19,Visual,1,Spring,,
2015-05-06,41.82,-70.33,Visual,1,Spring,,
2015-05-06,41.83,-70.43,Visual,1,Spring,,
2015-05-06,41.8,-70.45,Visual,1,Spring,,
2015-05-06,41.8,-70.43,Visual,1,Spring,,
2015-05-06,41.81,-70.45,Visual,1,Spring,,
2015-05-06,41.79,-70.43,Visual,1,Spring,,
2015-05-06,41.8,-70.37,Visual,1,Spring,,
2015-05-06,42.05,-70.64,Visual,1,Spring,,
2015-05-06,42.02,-70.6,Visual,1,Spring,,
2015-05-06,42.45,-69.69,Visual,1,Spring,,
2015-05-06,42.25,-69.63,Visual,1,Spring,,
2015-05-06,42.2,-69.68,Visual,1,Spring,,
2015-04-23,32.03,-80.85,Visual,1,Spring,,
2015-05-05,42.19,-69.76,Visual,1,Spring,,
2015-05-05,42.52,-68.42,Visual,1,Spring,,
2015-05-05,42.51,-69.2,Visual,1,Spring,,
2015-05-02,41.74,-70.38,Visual,1,Spring,,
2015-05-05,42.05,-70.62,Visual,1,Spring,,
2015-05-05,42.06,-70.52,Visual,1,Spring,,
2015-05-04,42.05,-70.58,Visual,1,Spring,,
2015-05-04,42.05,-70.61,Visual,1,Spring,,
2015-05-04,42.04,-70.59,Visual,1,Spring,,
2015-05-04,42.02,-70.58,Visual,1,Spring,,
2015-05-04,42.02,-70.59,Visual,1,Spring,,
2015-05-04,41.97,-70.57,Visual,1,Spring,,
2015-05-04,41.99,-70.55,Visual,1,Spring,,
2015-05-04,41.95,-70.19,Visual,1,Spring,,
2015-05-04,41.98,-70.56,Visual,1,Spring,,
2015-05-04,41.94,-70.51,Visual,1,Spring,,
2015-05-04,41.93,-70.47,Visual,1,Spring,,
2015-05-04,41.92,-70.25,Visual,1,Spring,,
2015-05-04,41.86,-70.47,Visual,1,Spring,,
2015-05-04,41.85,-70.29,Visual,1,Spring,,
2015-05-04,41.85,-70.32,Visual,1,Spring,,
2015-05-04,41.82,-70.5,Visual,1,Spring,,
2015-05-04,41.81,-70.46,Visual,1,Spring,,
2015-05-04,41.85,-70.46,Visual,1,Spring,,
2015-05-04,41.83,-70.46,Visual,1,Spring,,
2015-05-04,41.8,-70.46,Visual,1,Spring,,
2015-05-04,41.82,-70.46,Visual,1,Spring,,
2015-05-04,41.82,-70.49,Visual,1,Spring,,
2015-05-04,41.76,-70.25,Visual,1,Spring,,
2015-05-04,41.78,-70.28,Visual,1,Spring,,
2015-05-04,41.97,-70.58,Visual,1,Spring,,
2015-05-03,42.55,-70.68,Visual,1,Spring,,
2015-05-04,41.85,-70.43,Visual,1,Spring,,
2015-05-03,41.92,-70.53,Visual,1,Spring,,
2015-05-03,41.86,-70.52,Visual,1,Spring,,
2015-05-03,41.85,-70.52,Visual,1,Spring,,
2015-05-02,42.01,-70.59,Visual,1,Spring,,
2015-05-02,42.0,-70.59,Visual,1,Spring,,
2015-05-02,41.99,-70.63,Visual,1,Spring,,
2015-05-02,41.88,-70.53,Visual,1,Spring,,
2015-05-02,41.78,-70.49,Visual,1,Spring,,
2015-05-02,42.05,-70.63,Visual,1,Spring,,
2015-05-02,42.02,-70.6,Visual,1,Spring,,
2015-05-02,42.03,-70.6,Visual,1,Spring,,
2015-05-02,42.03,-70.58,Visual,1,Spring,,
2015-05-02,42.01,-70.58,Visual,1,Spring,,
2015-05-02,41.98,-70.58,Visual,1,Spring,,
2015-05-02,41.99,-70.58,Visual,1,Spring,,
2015-05-02,42.0,-70.58,Visual,1,Spring,,
2015-05-02,41.91,-70.54,Visual,1,Spring,,
2015-05-02,41.89,-70.53,Visual,1,Spring,,
2015-05-02,41.88,-70.52,Visual,1,Spring,,
2015-05-02,41.87,-70.53,Visual,1,Spring,,
2015-05-02,41.77,-70.42,Visual,1,Spring,,
2015-05-02,41.79,-70.46,Visual,1,Spring,,
2015-05-02,41.81,-70.53,Visual,1,Spring,,
2015-05-02,41.81,-70.54,Visual,1,Spring,,
2015-05-02,41.82,-70.52,Visual,1,Spring,,
2015-05-02,41.82,-70.51,Visual,1,Spring,,
2015-05-02,41.81,-70.51,Visual,1,Spring,,
2015-05-02,41.81,-70.52,Visual,1,Spring,,
2015-05-02,41.8,-70.52,Visual,1,Spring,,
2015-05-02,41.98,-70.25,Visual,1,Spring,,
2015-05-02,41.83,-70.4,Visual,1,Spring,,
2015-05-02,41.84,-70.41,Visual,1,Spring,,
2015-05-02,41.99,-70.29,Visual,1,Spring,,
2015-05-02,42.0,-70.2,Visual,1,Spring,,
2015-05-02,41.99,-70.19,Visual,1,Spring,,
2015-05-02,41.82,-70.53,Visual,1,Spring,,
2015-05-01,41.86,-70.52,Visual,1,Spring,,
2015-05-02,41.86,-70.52,Visual,1,Spring,,
2015-05-01,41.93,-70.54,Visual,1,Spring,,
2015-05-01,42.03,-70.59,Visual,1,Spring,,
2015-05-01,42.01,-70.59,Visual,1,Spring,,
2015-05-01,41.89,-70.53,Visual,1,Spring,,
2015-05-01,41.95,-70.57,Visual,1,Spring,,
2015-05-01,41.78,-70.48,Visual,1,Spring,,
2015-04-30,41.86,-70.52,Visual,1,Spring,,
2015-05-01,41.99,-70.6,Visual,1,Spring,,
2015-04-30,42.0,-70.59,Visual,1,Spring,,
2015-04-30,41.88,-70.53,Visual,1,Spring,,
2015-04-30,41.95,-70.57,Visual,1,Spring,,
2015-04-30,42.0,-70.57,Visual,1,Spring,,
2015-04-30,41.78,-70.49,Visual,1,Spring,,
2015-04-30,41.95,-69.73,Visual,1,Spring,,
2015-04-30,41.93,-69.75,Visual,1,Spring,,
2015-04-30,42.0,-70.2,Visual,1,Spring,,
2015-04-30,41.96,-70.18,Visual,1,Spring,,
2015-04-30,41.99,-70.5,Visual,1,Spring,,
2015-04-30,41.98,-70.56,Visual,1,Spring,,
2015-04-30,41.97,-70.59,Visual,1,Spring,,
2015-04-30,41.97,-70.58,Visual,1,Spring,,
2015-04-30,42.0,-70.51,Visual,1,Spring,,
2015-04-30,41.88,-70.5,Visual,1,Spring,,
2015-04-29,42.12,-70.48,Visual,1,Spring,,
2015-04-29,42.07,-70.57,Visual,1,Spring,,
2015-04-29,42.09,-70.47,Visual,1,Spring,,
2015-04-29,42.06,-70.57,Visual,1,Spring,,
2015-04-29,42.01,-70.59,Visual,1,Spring,,
2015-04-29,42.03,-70.49,Visual,1,Spring,,
2015-04-29,42.03,-70.35,Visual,1,Spring,,
2015-04-29,42.02,-70.36,Visual,1,Spring,,
2015-04-29,42.02,-70.57,Visual,1,Spring,,
2015-04-29,41.98,-70.57,Visual,1,Spring,,
2015-04-29,41.99,-70.54,Visual,1,Spring,,
2015-04-29,42.0,-70.36,Visual,1,Spring,,
2015-04-29,41.99,-70.25,Visual,1,Spring,,
2015-04-29,41.98,-70.25,Visual,1,Spring,,
2015-04-29,41.97,-70.25,Visual,1,Spring,,
2015-04-29,41.97,-70.26,Visual,1,Spring,,
2015-04-29,41.95,-70.31,Visual,1,Spring,,
2015-04-29,41.98,-70.55,Visual,1,Spring,,
2015-04-29,41.96,-70.54,Visual,1,Spring,,
2015-04-29,41.95,-70.53,Visual,1,Spring,,
2015-04-29,41.95,-70.54,Visual,1,Spring,,
2015-04-29,41.94,-70.55,Visual,1,Spring,,
2015-04-29,41.93,-70.49,Visual,1,Spring,,
2015-04-29,41.94,-70.38,Visual,1,Spring,,
2015-04-29,41.92,-70.21,Visual,1,Spring,,
2015-04-29,41.91,-70.39,Visual,1,Spring,,
2015-04-29,41.91,-70.47,Visual,1,Spring,,
2015-04-29,41.88,-70.48,Visual,1,Spring,,
2015-04-29,41.89,-70.45,Visual,1,Spring,,
2015-04-29,41.9,-70.19,Visual,1,Spring,,
2015-04-29,41.87,-70.21,Visual,1,Spring,,
2015-04-29,41.86,-70.22,Visual,1,Spring,,
2015-04-29,41.85,-70.22,Visual,1,Spring,,
2015-04-29,41.86,-70.44,Visual,1,Spring,,
2015-04-29,41.85,-70.46,Visual,1,Spring,,
2015-04-29,41.81,-70.47,Visual,1,Spring,,
2015-04-29,41.82,-70.49,Visual,1,Spring,,
2015-04-29,41.84,-70.48,Visual,1,Spring,,
2015-04-29,41.8,-70.49,Visual,1,Spring,,
2015-04-29,41.77,-70.47,Visual,1,Spring,,
2015-04-29,41.78,-70.47,Visual,1,Spring,,
2015-04-29,41.75,-70.36,Visual,1,Spring,,
2015-04-29,41.95,-70.57,Visual,1,Spring,,
2015-04-29,41.77,-70.48,Visual,1,Spring,,
2015-04-27,42.05,-70.57,Visual,1,Spring,,
2015-04-25,41.78,-70.39,Visual,1,Spring,,
2015-04-27,41.46,-69.42,Visual,1,Spring,,
2015-04-27,41.49,-68.76,Visual,1,Spring,,
2015-04-27,41.16,-69.16,Visual,1,Spring,,
2015-04-27,41.78,-70.35,Visual,1,Spring,,
2015-04-27,41.76,-70.32,Visual,1,Spring,,
2015-04-27,41.77,-70.32,Visual,1,Spring,,
2015-04-27,41.81,-70.46,Visual,1,Spring,,
2015-04-27,41.81,-70.39,Visual,1,Spring,,
2015-04-27,41.85,-70.24,Visual,1,Spring,,
2015-04-27,41.82,-70.27,Visual,1,Spring,,
2015-04-27,41.87,-70.26,Visual,1,Spring,,
2015-04-27,41.84,-70.24,Visual,1,Spring,,
2015-04-27,41.9,-70.21,Visual,1,Spring,,
2015-04-27,41.88,-70.22,Visual,1,Spring,,
2015-04-27,41.92,-70.46,Visual,1,Spring,,
2015-04-27,41.92,-70.23,Visual,1,Spring,,
2015-04-27,41.95,-70.35,Visual,1,Spring,,
2015-04-27,41.96,-70.49,Visual,1,Spring,,
2015-04-27,41.95,-70.48,Visual,1,Spring,,
2015-04-27,41.99,-70.44,Visual,1,Spring,,
2015-04-27,41.99,-70.53,Visual,1,Spring,,
2015-04-27,42.0,-70.54,Visual,1,Spring,,
2015-04-27,41.99,-70.54,Visual,1,Spring,,
2015-04-27,41.99,-70.47,Visual,1,Spring,,
2015-04-27,42.02,-70.52,Visual,1,Spring,,
2015-04-27,42.02,-70.56,Visual,1,Spring,,
2015-04-27,42.03,-70.54,Visual,1,Spring,,
2015-04-27,42.06,-70.56,Visual,1,Spring,,
2015-04-27,42.06,-70.51,Visual,1,Spring,,
2015-04-27,42.05,-70.47,Visual,1,Spring,,
2015-04-27,42.12,-70.61,Visual,1,Spring,,
2015-04-27,42.12,-70.6,Visual,1,Spring,,
2015-04-27,42.1,-70.59,Visual,1,Spring,,
2015-04-26,40.84,-70.7,Visual,1,Spring,,
2015-04-26,42.03,-70.22,Visual,1,Spring,,
2015-04-26,42.05,-70.27,Visual,1,Spring,,
2015-04-26,42.07,-70.28,Visual,1,Spring,,
2015-04-26,42.08,-70.25,Visual,1,Spring,,
2015-04-26,42.02,-70.39,Visual,1,Spring,,
2015-04-26,42.02,-70.45,Visual,1,Spring,,
2015-04-26,42.02,-70.5,Visual,1,Spring,,
2015-04-26,42.02,-70.49,Visual,1,Spring,,
2015-04-26,41.99,-70.44,Visual,1,Spring,,
2015-04-26,41.97,-70.43,Visual,1,Spring,,
2015-04-26,41.92,-70.41,Visual,1,Spring,,
2015-04-26,41.91,-70.41,Visual,1,Spring,,
2015-04-26,41.86,-70.23,Visual,1,Spring,,
2015-04-26,42.41,-69.82,Visual,1,Spring,,
2015-04-25,41.77,-70.35,Visual,1,Spring,,
2015-04-25,41.77,-70.36,Visual,1,Spring,,
2015-04-25,41.8,-70.33,Visual,1,Spring,,
2015-04-25,41.8,-70.19,Visual,1,Spring,,
2015-04-25,41.89,-70.19,Visual,1,Spring,,
2015-04-25,41.9,-70.39,Visual,1,Spring,,
2015-04-25,41.08,-70.25,Visual,1,Spring,,
2015-04-25,41.94,-70.24,Visual,1,Spring,,
2015-04-25,41.93,-70.37,Visual,1,Spring,,
2015-04-25,41.91,-70.36,Visual,1,Spring,,
2015-04-25,41.98,-70.41,Visual,1,Spring,,
2015-04-25,42.01,-70.4,Visual,1,Spring,,
2015-04-25,42.01,-70.23,Visual,1,Spring,,
2015-04-25,42.01,-70.19,Visual,1,Spring,,
2015-04-25,42.02,-70.21,Visual,1,Spring,,
2015-04-25,42.03,-70.4,Visual,1,Spring,,
2015-04-25,42.02,-70.45,Visual,1,Spring,,
2015-04-25,42.06,-70.5,Visual,1,Spring,,
2015-04-25,42.07,-70.49,Visual,1,Spring,,
2015-04-25,42.05,-70.43,Visual,1,Spring,,
2015-04-25,42.05,-70.39,Visual,1,Spring,,
2015-04-25,42.05,-70.4,Visual,1,Spring,,
2015-04-25,42.05,-70.38,Visual,1,Spring,,
2015-04-25,42.08,-70.25,Visual,1,Spring,,
2015-04-25,42.08,-70.45,Visual,1,Spring,,
2015-04-25,42.12,-70.53,Visual,1,Spring,,
2015-04-25,42.12,-70.49,Visual,1,Spring,,
2015-04-25,42.11,-70.47,Visual,1,Spring,,
2015-04-25,42.1,-70.48,Visual,1,Spring,,
2015-04-25,42.09,-70.48,Visual,1,Spring,,
2015-04-25,42.06,-70.24,Visual,1,Spring,,
2015-04-25,42.0,-70.27,Visual,1,Spring,,
2015-04-25,41.96,-70.25,Visual,1,Spring,,
2015-04-25,41.95,-70.25,Visual,1,Spring,,
2015-04-25,41.94,-70.25,Visual,1,Spring,,
2015-04-25,41.89,-70.27,Visual,1,Spring,,
2015-04-25,41.79,-70.28,Visual,1,Spring,,
2015-04-25,41.9,-70.3,Visual,1,Spring,,
2015-04-25,42.05,-70.24,Visual,1,Spring,,
2015-04-25,42.18,-70.5,Visual,1,Spring,,
2015-04-23,42.09,-70.21,Visual,1,Spring,,
2015-04-22,42.08,-70.25,Visual,1,Spring,,
2015-04-22,41.89,-70.21,Visual,1,Spring,,
2015-04-22,41.86,-70.23,Visual,1,Spring,,
2015-04-22,41.87,-70.22,Visual,1,Spring,,
2015-04-22,41.88,-70.21,Visual,1,Spring,,
2015-04-22,41.92,-70.21,Visual,1,Spring,,
2015-04-22,41.91,-70.21,Visual,1,Spring,,
2015-04-22,41.93,-70.2,Visual,1,Spring,,
2015-04-22,41.98,-70.2,Visual,1,Spring,,
2015-04-22,42.05,-70.4,Visual,1,Spring,,
2015-04-22,42.05,-70.38,Visual,1,Spring,,
2015-04-22,42.06,-70.4,Visual,1,Spring,,
2015-04-22,42.06,-70.38,Visual,1,Spring,,
2015-04-22,42.07,-70.35,Visual,1,Spring,,
2015-04-22,42.06,-70.34,Visual,1,Spring,,
2015-04-22,42.08,-70.45,Visual,1,Spring,,
2015-04-22,42.07,-70.43,Visual,1,Spring,,
2015-04-22,42.07,-70.44,Visual,1,Spring,,
2015-04-22,42.1,-70.51,Visual,1,Spring,,
2015-04-22,42.11,-70.52,Visual,1,Spring,,
2015-04-22,42.12,-70.48,Visual,1,Spring,,
2015-04-22,42.12,-70.47,Visual,1,Spring,,
2015-04-21,42.03,-70.22,Visual,1,Spring,,
2015-04-22,42.1,-70.29,Visual,1,Spring,,
2015-04-15,41.87,-70.28,Visual,1,Spring,,
2015-04-19,41.79,-70.18,Visual,1,Spring,,
2015-04-19,41.81,-70.18,Visual,1,Spring,,
2015-04-19,41.89,-70.23,Visual,1,Spring,,
2015-04-19,41.89,-70.22,Visual,1,Spring,,
2015-04-19,41.9,-70.22,Visual,1,Spring,,
2015-04-19,41.91,-70.21,Visual,1,Spring,,
2015-04-19,41.92,-70.22,Visual,1,Spring,,
2015-04-19,41.98,-70.22,Visual,1,Spring,,
2015-04-19,41.99,-70.39,Visual,1,Spring,,
2015-04-19,41.97,-70.41,Visual,1,Spring,,
2015-04-19,42.02,-70.5,Visual,1,Spring,,
2015-04-19,42.01,-70.46,Visual,1,Spring,,
2015-04-19,42.01,-70.24,Visual,1,Spring,,
2015-04-19,42.03,-70.39,Visual,1,Spring,,
2015-04-19,42.05,-70.39,Visual,1,Spring,,
2015-04-19,42.04,-70.4,Visual,1,Spring,,
2015-04-19,42.08,-70.29,Visual,1,Spring,,
2015-04-19,42.08,-70.34,Visual,1,Spring,,
2015-04-19,42.1,-70.3,Visual,1,Spring,,
2015-04-18,42.14,-70.32,Visual,1,Spring,,
2015-04-19,42.14,-70.3,Visual,1,Spring,,
2015-04-19,42.14,-70.29,Visual,1,Spring,,
2015-04-19,42.14,-70.32,Visual,1,Spring,,
2015-04-19,42.12,-70.27,Visual,1,Spring,,
2015-04-19,42.11,-70.27,Visual,1,Spring,,
2015-04-19,42.07,-70.28,Visual,1,Spring,,
2015-04-18,42.09,-70.43,Visual,1,Spring,,
2015-04-18,42.13,-70.36,Visual,1,Spring,,
2015-04-18,42.13,-70.33,Visual,1,Spring,,
2015-04-18,42.16,-70.28,Visual,1,Spring,,
2015-04-18,42.13,-70.13,Visual,1,Spring,,
2015-04-18,42.14,-70.35,Visual,1,Spring,,
2015-04-18,42.08,-70.44,Visual,1,Spring,,
2015-04-18,42.06,-70.46,Visual,1,Spring,,
2015-04-18,42.05,-70.48,Visual,1,Spring,,
2015-04-18,42.11,-70.21,Visual,1,Spring,,
2015-04-18,42.11,-70.29,Visual,1,Spring,,
2015-04-18,42.14,-70.37,Visual,1,Spring,,
2015-04-18,42.12,-70.37,Visual,1,Spring,,
2015-04-18,42.09,-70.33,Visual,1,Spring,,
2015-04-18,42.06,-70.44,Visual,1,Spring,,
2015-04-18,42.02,-70.37,Visual,1,Spring,,
2015-04-18,41.97,-70.14,Visual,1,Spring,,
2015-04-18,41.97,-70.33,Visual,1,Spring,,
2015-04-18,41.97,-70.37,Visual,1,Spring,,
2015-04-18,41.96,-70.36,Visual,1,Spring,,
2015-04-18,41.93,-70.14,Visual,1,Spring,,
2015-04-18,41.92,-70.13,Visual,1,Spring,,
2015-04-18,41.92,-70.18,Visual,1,Spring,,
2015-04-18,41.9,-70.17,Visual,1,Spring,,
2015-04-18,41.92,-70.21,Visual,1,Spring,,
2015-04-18,41.89,-70.18,Visual,1,Spring,,
2015-04-18,41.86,-70.2,Visual,1,Spring,,
2015-04-18,41.83,-70.17,Visual,1,Spring,,
2015-04-18,41.84,-70.16,Visual,1,Spring,,
2015-04-18,41.85,-70.17,Visual,1,Spring,,
2015-04-18,41.81,-70.15,Visual,1,Spring,,
2015-04-18,41.24,-72.06,Visual,1,Spring,,
2015-04-18,41.26,-72.12,Visual,1,Spring,,
2015-04-18,42.11,-70.31,Visual,1,Spring,,
2015-04-18,42.11,-70.28,Visual,1,Spring,,
2015-04-18,42.12,-70.28,Visual,1,Spring,,
2015-04-18,42.09,-70.12,Visual,1,Spring,,
2015-04-16,41.08,-70.32,Visual,1,Spring,,
2015-04-16,42.03,-70.58,Visual,1,Spring,,
2015-04-16,41.54,-69.08,Visual,1,Spring,,
2015-04-16,41.56,-69.08,Visual,1,Spring,,
2015-04-16,41.92,-70.19,Visual,1,Spring,,
2015-04-16,41.92,-70.17,Visual,1,Spring,,
2015-04-16,41.96,-70.2,Visual,1,Spring,,
2015-04-16,41.85,-70.21,Visual,1,Spring,,
2015-04-16,42.02,-70.48,Visual,1,Spring,,
2015-04-16,42.02,-70.47,Visual,1,Spring,,
2015-04-16,42.02,-70.41,Visual,1,Spring,,
2015-04-16,42.14,-70.21,Visual,1,Spring,,
2015-04-16,42.42,-69.87,Visual,1,Spring,,
2015-04-16,42.36,-70.4,Visual,1,Spring,,
2015-04-16,42.17,-70.37,Visual,1,Spring,,
2015-04-16,42.18,-70.35,Visual,1,Spring,,
2015-04-16,42.18,-70.37,Visual,1,Spring,,
2015-04-16,42.13,-69.86,Visual,1,Spring,,
2015-04-16,42.1,-70.27,Visual,1,Spring,,
2015-04-16,42.11,-70.29,Visual,1,Spring,,
2015-04-16,42.13,-70.36,Visual,1,Spring,,
2015-04-16,42.14,-70.37,Visual,1,Spring,,
2015-04-16,42.12,-70.36,Visual,1,Spring,,
2015-04-16,41.82,-70.17,Visual,1,Spring,,
2015-04-15,42.15,-70.34,Visual,1,Spring,,
2015-04-15,42.18,-70.34,Visual,1,Spring,,
2015-04-15,42.18,-70.06,Visual,1,Spring,,
2015-04-15,42.08,-70.08,Visual,1,Spring,,
2015-04-15,42.38,-70.04,Visual,1,Spring,,
2015-04-15,42.11,-70.16,Visual,1,Spring,,
2015-04-15,42.04,-70.49,Visual,1,Spring,,
2015-04-15,41.87,-70.18,Visual,1,Spring,,
2015-04-15,41.87,-70.17,Visual,1,Spring,,
2015-04-15,41.86,-70.18,Visual,1,Spring,,
2015-04-15,41.99,-70.44,Visual,1,Spring,,
2015-04-15,42.05,-70.35,Visual,1,Spring,,
2015-04-15,42.06,-70.36,Visual,1,Spring,,
2015-04-15,42.08,-70.35,Visual,1,Spring,,
2015-04-15,42.12,-70.37,Visual,1,Spring,,
2015-04-12,42.09,-70.35,Visual,1,Spring,,
2015-04-12,42.08,-70.38,Visual,1,Spring,,
2015-04-12,42.07,-70.39,Visual,1,Spring,,
2015-04-11,42.12,-70.21,Visual,1,Spring,,
2015-04-13,42.15,-70.32,Visual,1,Spring,,
2015-04-13,42.15,-70.33,Visual,1,Spring,,
2015-04-13,42.18,-70.36,Visual,1,Spring,,
2015-04-13,42.18,-70.35,Visual,1,Spring,,
2015-04-13,42.17,-70.35,Visual,1,Spring,,
2015-04-12,42.42,-70.46,Visual,1,Spring,,
2015-04-12,42.43,-70.45,Visual,1,Spring,,
2015-04-12,41.99,-70.39,Visual,1,Spring,,
2015-04-12,42.03,-70.43,Visual,1,Spring,,
2015-04-12,42.02,-70.45,Visual,1,Spring,,
2015-04-12,42.06,-70.44,Visual,1,Spring,,
2015-04-12,42.08,-70.33,Visual,1,Spring,,
2015-04-12,42.07,-70.37,Visual,1,Spring,,
2015-04-12,42.09,-70.4,Visual,1,Spring,,
2015-04-12,42.1,-70.4,Visual,1,Spring,,
2015-04-12,42.12,-70.37,Visual,1,Spring,,
2015-04-12,42.13,-70.37,Visual,1,Spring,,
2015-04-12,42.12,-70.35,Visual,1,Spring,,
2015-04-12,42.11,-70.34,Visual,1,Spring,,
2015-04-12,42.1,-70.08,Visual,1,Spring,,
2015-04-12,42.08,-70.11,Visual,1,Spring,,
2015-04-12,42.12,-70.29,Visual,1,Spring,,
2015-04-12,41.69,-69.69,Visual,1,Spring,,
2015-04-09,42.2,-70.29,Visual,1,Spring,,
2015-04-06,42.2,-70.27,Visual,1,Spring,,
2015-04-06,41.81,-70.33,Visual,1,Spring,,
2015-04-06,41.78,-70.37,Visual,1,Spring,,
2015-04-06,41.84,-70.32,Visual,1,Spring,,
2015-04-06,41.85,-70.25,Visual,1,Spring,,
2015-04-06,41.49,-69.34,Visual,1,Spring,,
2015-04-06,42.01,-70.26,Visual,1,Spring,,
2015-04-06,42.03,-70.3,Visual,1,Spring,,
2015-04-06,41.99,-70.39,Visual,1,Spring,,
2015-04-06,41.97,-70.59,Visual,1,Spring,,
2015-04-06,41.92,-70.35,Visual,1,Spring,,
2015-04-06,41.78,-70.3,Visual,1,Spring,,
2015-04-06,41.88,-70.28,Visual,1,Spring,,
2015-04-06,41.86,-70.24,Visual,1,Spring,,
2015-04-06,41.87,-70.21,Visual,1,Spring,,
2015-04-06,41.86,-70.36,Visual,1,Spring,,
2015-04-06,41.86,-70.22,Visual,1,Spring,,
2015-04-02,42.18,-70.14,Visual,1,Spring,,
2015-04-02,42.18,-70.16,Visual,1,Spring,,
2015-04-01,41.1,-70.62,Visual,1,Spring,,
2015-04-01,40.92,-70.22,Visual,1,Spring,,
2015-04-01,41.04,-70.25,Visual,1,Spring,,
2015-04-01,41.28,-71.19,Visual,1,Spring,,
2015-03-31,41.97,-69.89,Visual,1,Spring,,
2015-03-31,42.44,-70.54,Visual,1,Spring,,
2015-03-29,29.81,-81.26,Visual,1,Spring,,
2015-03-28,29.66,-81.2,Visual,1,Spring,,
2015-03-29,41.24,-70.9,Visual,1,Spring,,
2015-03-29,41.17,-71.26,Visual,1,Spring,,
2015-03-29,41.27,-71.26,Visual,1,Spring,,
2015-03-29,41.22,-71.09,Visual,1,Spring,,
2015-03-29,41.0,-70.91,Visual,1,Spring,,
2015-03-29,41.01,-70.91,Visual,1,Spring,,
2015-03-29,41.1,-70.91,Visual,1,Spring,,
2015-03-29,41.12,-70.88,Visual,1,Spring,,
2015-03-29,41.16,-70.91,Visual,1,Spring,,
2015-03-28,40.79,-72.59,Visual,1,Spring,,
2015-03-25,42.03,-70.33,Visual,1,Spring,,
2015-03-25,42.0,-69.57,Visual,1,Spring,,
2015-03-24,42.12,-69.84,Visual,1,Spring,,
2015-03-21,42.02,-70.17,Visual,1,Spring,,
2015-03-20,40.96,-70.52,Visual,1,Spring,,
2015-03-20,41.07,-70.52,Visual,1,Spring,,
2015-03-20,41.01,-70.7,Visual,1,Spring,,
2015-03-20,41.1,-70.98,Visual,1,Spring,,
2015-03-20,42.01,-70.2,Visual,1,Spring,,
2015-03-20,41.95,-70.21,Visual,1,Spring,,
2015-03-15,26.65,-80.02,Visual,1,Spring,,
2015-03-16,30.54,-81.3,Visual,1,Spring,,
2015-03-16,42.02,-70.21,Visual,1,Spring,,
2015-03-16,40.99,-70.73,Visual,1,Spring,,
2015-03-16,40.74,-72.8,Visual,1,Spring,,
2015-03-15,31.01,-80.54,Visual,1,Spring,,
2015-03-15,30.73,-81.23,Visual,1,Spring,,
2015-03-10,40.74,-72.8,Visual,1,Spring,,
2015-03-13,41.18,-71.08,Visual,1,Spring,,
2015-03-13,41.01,-70.61,Visual,1,Spring,,
2015-03-13,41.08,-70.78,Visual,1,Spring,,
2015-03-13,41.15,-71.08,Visual,1,Spring,,
2015-03-15,30.32,-81.39,Visual,1,Spring,,
2015-03-15,30.3,-81.38,Visual,1,Spring,,
2015-03-14,26.59,-80.03,Visual,1,Spring,,
2015-03-12,27.23,-80.18,Visual,1,Spring,,
2015-03-14,30.02,-81.3,Visual,1,Spring,,
2015-03-14,30.47,-81.0,Visual,1,Spring,,
2015-03-14,29.98,-81.3,Visual,1,Spring,,
2015-03-13,26.78,-80.03,Visual,1,Spring,,
2015-03-12,29.78,-81.25,Visual,1,Spring,,
2015-03-10,28.06,-80.55,Visual,1,Spring,,
2015-03-10,41.85,-70.32,Visual,1,Spring,,
2015-03-10,41.84,-70.32,Visual,1,Spring,,
2015-03-10,30.08,-81.19,Visual,1,Spring,,
2015-03-10,29.94,-81.15,Visual,1,Spring,,
2015-03-10,28.18,-80.59,Visual,1,Spring,,
2015-03-09,29.87,-81.15,Visual,1,Spring,,
2015-03-09,29.95,-81.14,Visual,1,Spring,,
2015-03-09,31.38,-80.9,Visual,1,Spring,,
2015-03-09,31.48,-80.99,Visual,1,Spring,,
2015-03-08,29.75,-81.07,Visual,1,Spring,,
2015-03-08,29.74,-81.08,Visual,1,Spring,,
2015-03-08,31.98,-80.63,Visual,1,Spring,,
2015-03-08,31.19,-81.16,Visual,1,Spring,,
2015-03-08,41.83,-70.33,Visual,1,Spring,,
2015-03-08,41.84,-70.32,Visual,1,Spring,,
2015-03-08,41.84,-70.31,Visual,1,Spring,,
2015-03-08,31.97,-80.71,Visual,1,Spring,,
2015-03-07,42.04,-70.18,Visual,1,Spring,,
2015-03-06,41.93,-69.95,Visual,1,Spring,,
2015-03-06,41.86,-70.36,Visual,1,Spring,,
2015-03-06,41.85,-70.28,Visual,1,Spring,,
2015-03-06,41.81,-70.31,Visual,1,Spring,,
2015-03-06,41.81,-70.35,Visual,1,Spring,,
2015-03-06,40.91,-72.26,Visual,1,Spring,,
2015-03-04,31.13,-81.2,Visual,1,Spring,,
2015-03-04,31.09,-81.18,Visual,1,Spring,,
2015-03-03,31.08,-81.14,Visual,1,Spring,,
2015-03-03,42.03,-70.29,Visual,1,Spring,,
2015-03-03,42.01,-70.23,Visual,1,Spring,,
2015-03-03,42.02,-70.22,Visual,1,Spring,,
2015-03-03,41.8,-70.35,Visual,1,Spring,,
2015-03-03,41.81,-70.38,Visual,1,Spring,,
2015-03-03,41.8,-70.37,Visual,1,Spring,,
2015-03-03,28.6,-80.59,Visual,1,Spring,,
2015-03-01,40.57,-70.13,Visual,1,Spring,,
2015-02-28,41.96,-69.9,Visual,1,Winter,,
2015-02-28,42.08,-70.26,Visual,1,Winter,,
2015-02-28,42.07,-70.26,Visual,1,Winter,,
2015-02-28,41.99,-70.19,Visual,1,Winter,,
2015-02-28,42.01,-70.19,Visual,1,Winter,,
2015-02-28,41.89,-70.26,Visual,1,Winter,,
2015-02-28,41.88,-70.31,Visual,1,Winter,,
2015-02-28,41.88,-70.23,Visual,1,Winter,,
2015-02-28,41.82,-70.45,Visual,1,Winter,,
2015-02-28,41.84,-70.45,Visual,1,Winter,,
2015-02-27,41.87,-70.45,Visual,1,Winter,,
2015-02-24,41.87,-70.27,Visual,1,Winter,,
2015-02-24,41.87,-70.28,Visual,1,Winter,,
2015-02-24,41.87,-70.29,Visual,1,Winter,,
2015-02-24,41.87,-70.3,Visual,1,Winter,,
2015-02-24,41.86,-70.3,Visual,1,Winter,,
2015-02-24,41.87,-70.31,Visual,1,Winter,,
2015-02-24,41.86,-70.31,Visual,1,Winter,,
2015-02-24,41.19,-70.42,Visual,1,Winter,,
2015-02-24,41.15,-70.45,Visual,1,Winter,,
2015-02-24,41.17,-70.39,Visual,1,Winter,,
2015-02-24,41.14,-70.37,Visual,1,Winter,,
2015-02-24,41.01,-70.29,Visual,1,Winter,,
2015-02-24,41.11,-70.3,Visual,1,Winter,,
2015-02-23,30.43,-81.11,Visual,1,Winter,,
2015-02-22,30.55,-81.16,Visual,1,Winter,,
2015-02-22,30.52,-81.17,Visual,1,Winter,,
2015-02-22,30.71,-81.26,Visual,1,Winter,,
2015-02-22,30.87,-81.31,Visual,1,Winter,,
2015-02-22,30.7,-81.24,Visual,1,Winter,,
2015-02-21,30.9,-81.13,Visual,1,Winter,,
2015-02-21,30.83,-81.16,Visual,1,Winter,,
2015-02-21,30.39,-81.12,Visual,1,Winter,,
2015-02-20,30.16,-81.19,Visual,1,Winter,,
2015-02-21,31.74,-80.57,Visual,1,Winter,,
2015-02-18,41.98,-70.28,Visual,1,Winter,,
2015-02-18,41.86,-70.25,Visual,1,Winter,,
2015-02-18,41.9,-70.14,Visual,1,Winter,,
2015-02-18,41.91,-70.14,Visual,1,Winter,,
2015-02-18,41.94,-70.23,Visual,1,Winter,,
2015-02-18,41.98,-70.19,Visual,1,Winter,,
2015-02-18,41.84,-70.28,Visual,1,Winter,,
2015-02-18,41.82,-70.3,Visual,1,Winter,,
2015-02-18,41.91,-70.21,Visual,1,Winter,,
2015-02-18,41.95,-70.25,Visual,1,Winter,,
2015-02-18,41.99,-70.17,Visual,1,Winter,,
2015-02-16,30.77,-81.28,Visual,1,Winter,,
2015-02-16,30.6,-81.24,Visual,1,Winter,,
2015-02-12,30.69,-81.29,Visual,1,Winter,,
2015-02-12,41.81,-70.28,Visual,1,Winter,,
2015-02-12,41.87,-70.14,Visual,1,Winter,,
2015-02-12,41.91,-70.15,Visual,1,Winter,,
2015-02-12,41.89,-70.17,Visual,1,Winter,,
2015-02-12,41.88,-70.22,Visual,1,Winter,,
2015-02-12,41.88,-70.21,Visual,1,Winter,,
2015-02-12,41.9,-70.21,Visual,1,Winter,,
2015-02-12,42.0,-70.28,Visual,1,Winter,,
2015-02-09,30.73,-81.3,Visual,1,Winter,,
2015-02-09,30.57,-81.29,Visual,1,Winter,,
2015-02-09,30.56,-81.29,Visual,1,Winter,,
2015-02-09,30.31,-81.25,Visual,1,Winter,,
2015-02-09,29.12,-80.94,Visual,1,Winter,,
2015-02-09,30.32,-81.23,Visual,1,Winter,,
2015-02-09,29.52,-81.14,Visual,1,Winter,,
2015-02-08,30.34,-81.16,Visual,1,Winter,,
2015-02-08,30.32,-81.17,Visual,1,Winter,,
2015-02-08,29.32,-81.0,Visual,1,Winter,,
2015-02-08,29.4,-81.09,Visual,1,Winter,,
2015-02-08,29.74,-81.06,Visual,1,Winter,,
2015-02-07,30.32,-81.23,Visual,1,Winter,,
2015-02-07,30.52,-81.28,Visual,1,Winter,,
2015-02-08,30.6,-81.0,Visual,1,Winter,,
2015-02-08,30.79,-81.2,Visual,1,Winter,,
2015-02-08,31.31,-80.86,Visual,1,Winter,,
2015-02-05,30.98,-81.29,Visual,1,Winter,,
2015-02-05,31.07,-81.28,Visual,1,Winter,,
2015-02-01,30.53,-81.33,Visual,1,Winter,,
2015-02-01,31.18,-81.22,Visual,1,Winter,,
2015-02-01,31.1,-80.89,Visual,1,Winter,,
2015-02-01,30.99,-81.22,Visual,1,Winter,,
2015-02-01,30.83,-81.28,Visual,1,Winter,,
2015-02-01,38.26,-74.54,Visual,1,Winter,,
2015-01-30,28.96,-80.84,Visual,1,Winter,,
2015-01-30,29.94,-81.3,Visual,1,Winter,,
2015-01-20,27.81,-80.42,Visual,1,Winter,,
2015-01-25,30.92,-81.11,Visual,1,Winter,,
2015-01-24,28.4,-80.54,Visual,1,Winter,,
2015-01-23,41.78,-70.29,Visual,1,Winter,,
2015-01-23,41.81,-70.31,Visual,1,Winter,,
2015-01-23,41.94,-69.91,Visual,1,Winter,,
2015-01-23,28.41,-80.57,Visual,1,Winter,,
2015-01-22,28.07,-80.55,Visual,1,Winter,,
2015-01-22,30.8,-81.25,Visual,1,Winter,,
2015-01-22,30.67,-81.27,Visual,1,Winter,,
2015-01-21,31.09,-81.2,Visual,1,Winter,,
2015-01-21,30.49,-81.2,Visual,1,Winter,,
2015-01-21,28.45,-80.49,Visual,1,Winter,,
2015-01-21,30.86,-81.25,Visual,1,Winter,,
2015-01-21,31.06,-81.24,Visual,1,Winter,,
2015-01-21,30.92,-81.28,Visual,1,Winter,,
2015-01-20,28.93,-80.82,Visual,1,Winter,,
2015-01-20,28.98,-80.86,Visual,1,Winter,,
2015-01-21,31.02,-81.0,Visual,1,Winter,,
2015-01-21,30.8,-81.21,Visual,1,Winter,,
2015-01-21,31.07,-81.23,Visual,1,Winter,,
2015-01-21,41.93,-70.17,Visual,1,Winter,,
2015-01-21,40.83,-69.94,Visual,1,Winter,,
2015-01-20,36.97,-75.49,Visual,1,Winter,,
2015-01-20,36.97,-75.13,Visual,1,Winter,,
2015-01-17,27.19,-80.11,Visual,1,Winter,,
2015-01-19,30.06,-81.14,Visual,1,Winter,,
2015-01-19,30.76,-81.15,Visual,1,Winter,,
2015-01-19,30.04,-81.09,Visual,1,Winter,,
2015-01-19,29.61,-81.18,Visual,1,Winter,,
2015-01-19,30.07,-81.01,Visual,1,Winter,,
2015-01-19,29.95,-81.09,Visual,1,Winter,,
2015-01-18,29.28,-80.88,Visual,1,Winter,,
2015-01-17,29.91,-81.09,Visual,1,Winter,,
2015-01-16,42.69,-70.62,Visual,1,Winter,,
2015-01-17,38.41,-74.42,Visual,1,Winter,,
2015-01-17,38.34,-74.46,Visual,1,Winter,,
2015-01-17,38.33,-74.45,Visual,1,Winter,,
2015-01-17,38.43,-74.43,Visual,1,Winter,,
2015-01-17,38.42,-74.42,Visual,1,Winter,,
2015-01-17,38.45,-74.41,Visual,1,Winter,,
2015-01-13,29.29,-81.03,Visual,1,Winter,,
2014-12-19,28.38,-80.55,Visual,1,Winter,,
2015-01-12,32.03,-80.6,Visual,1,Winter,,
2015-01-11,30.0,-80.95,Visual,1,Winter,,
2015-01-11,41.84,-70.29,Visual,1,Winter,,
2015-01-11,41.9,-70.16,Visual,1,Winter,,
2015-01-03,28.09,-80.56,Visual,1,Winter,,
2015-01-06,31.39,-80.84,Visual,1,Winter,,
2015-01-06,30.63,-81.29,Visual,1,Winter,,
2015-01-04,29.15,-80.93,Visual,1,Winter,,
2015-01-04,29.17,-80.97,Visual,1,Winter,,
2015-01-01,42.04,-70.15,Visual,1,Winter,,
2015-01-01,36.97,-75.97,Visual,1,Winter,,
2014-12-29,31.21,-81.22,Visual,1,Winter,,
2014-12-21,41.25,-70.16,Visual,1,Winter,,
2014-12-27,40.55,-70.3,Visual,1,Winter,,
2014-12-27,41.22,-70.31,Visual,1,Winter,,
2014-12-27,41.17,-70.18,Visual,1,Winter,,
2014-12-27,41.05,-70.14,Visual,1,Winter,,
2014-12-27,41.21,-70.31,Visual,1,Winter,,
2014-12-27,41.23,-70.25,Visual,1,Winter,,
2014-12-26,31.1,-80.85,Visual,1,Winter,,
2014-12-23,30.71,-81.44,Visual,1,Winter,,
2014-12-22,41.78,-70.2,Visual,1,Winter,,
2014-12-22,41.77,-70.23,Visual,1,Winter,,
2014-12-22,41.88,-70.29,Visual,1,Winter,,
2014-12-16,30.57,-81.06,Visual,1,Winter,,
2014-12-19,30.91,-81.29,Visual,1,Winter,,
2014-12-19,31.31,-80.89,Visual,1,Winter,,
2014-12-18,31.53,-81.0,Visual,1,Winter,,
2014-12-18,31.57,-81.0,Visual,1,Winter,,
2014-12-18,31.57,-81.01,Visual,1,Winter,,
2014-12-17,31.56,-81.02,Visual,1,Winter,,
2014-12-16,42.33,-66.77,Visual,1,Winter,,
2014-12-14,30.97,-81.08,Visual,1,Winter,,
2014-12-13,30.93,-81.09,Visual,1,Winter,,
2014-12-13,41.28,-70.36,Visual,1,Winter,,
2014-12-13,41.26,-70.36,Visual,1,Winter,,
2014-12-13,41.27,-70.36,Visual,1,Winter,,
2014-12-13,41.28,-70.37,Visual,1,Winter,,
2014-12-13,41.27,-70.35,Visual,1,Winter,,
2014-12-13,41.24,-70.32,Visual,1,Winter,,
2014-12-13,41.25,-70.35,Visual,1,Winter,,
2014-12-13,40.79,-70.11,Visual,1,Winter,,
2014-11-13,42.19,-70.32,Visual,1,Fall,,
2014-10-30,41.12,-72.31,Visual,1,Fall,,
2014-10-10,42.8,-70.5,Visual,1,Fall,,
2014-09-17,44.55,-66.42,Visual,1,Fall,,
2014-09-17,44.69,-66.56,Visual,1,Fall,,
2014-09-17,44.67,-66.46,Visual,1,Fall,,
2014-09-17,44.8,-66.54,Visual,1,Fall,,
2014-09-17,39.52,-74.24,Visual,1,Fall,,
2014-09-16,42.87,-65.46,Visual,1,Fall,,
2014-09-15,44.72,-66.45,Visual,1,Fall,,
2014-09-15,44.71,-66.46,Visual,1,Fall,,
2014-09-04,44.56,-66.5,Visual,1,Fall,,
2014-09-04,44.56,-66.52,Visual,1,Fall,,
2014-09-04,44.54,-66.53,Visual,1,Fall,,
2014-09-04,44.55,-66.55,Visual,1,Fall,,
2014-09-04,44.58,-66.53,Visual,1,Fall,,
2014-09-04,44.67,-66.48,Visual,1,Fall,,
2014-09-04,44.65,-66.37,Visual,1,Fall,,
2014-08-23,47.06,-60.42,Visual,1,Summer,,
2014-08-21,48.44,-63.89,Visual,1,Summer,,
2014-08-26,42.92,-65.45,Visual,1,Summer,,
2014-08-24,44.14,-68.0,Visual,1,Summer,,
2014-08-21,44.38,-66.52,Visual,1,Summer,,
2014-08-21,44.73,-66.52,Visual,1,Summer,,
2014-08-20,43.08,-65.08,Visual,1,Summer,,
2014-08-20,43.0,-65.17,Visual,1,Summer,,
2014-08-20,44.72,-66.47,Visual,1,Summer,,
2014-08-20,44.72,-66.48,Visual,1,Summer,,
2014-08-20,44.71,-66.48,Visual,1,Summer,,
2014-08-20,44.7,-66.48,Visual,1,Summer,,
2014-08-20,44.7,-66.47,Visual,1,Summer,,
2014-08-20,44.6,-66.57,Visual,1,Summer,,
2014-08-19,43.02,-65.22,Visual,1,Summer,,
2014-08-19,43.07,-65.33,Visual,1,Summer,,
2014-07-23,44.33,-63.88,Visual,1,Summer,,
2014-08-12,44.67,-66.35,Visual,1,Summer,,
2014-08-12,44.63,-66.47,Visual,1,Summer,,
2014-08-10,44.57,-66.53,Visual,1,Summer,,
2014-08-10,44.6,-66.48,Visual,1,Summer,,
2014-08-10,44.63,-66.45,Visual,1,Summer,,
2014-08-10,44.67,-66.42,Visual,1,Summer,,
2014-08-10,44.67,-66.37,Visual,1,Summer,,
2014-08-08,44.6,-66.54,Visual,1,Summer,,
2014-08-08,42.87,-70.72,Visual,1,Summer,,
2014-08-07,44.55,-66.53,Visual,1,Summer,,
2014-08-07,44.6,-66.58,Visual,1,Summer,,
2014-08-02,43.67,-68.56,Visual,1,Summer,,
2014-07-31,43.67,-68.56,Visual,1,Summer,,
2014-07-30,43.66,-68.62,Visual,1,Summer,,
2014-07-25,48.05,-65.63,Visual,1,Summer,,
2014-07-25,47.91,-65.24,Visual,1,Summer,,
2014-07-25,43.65,-68.79,Visual,1,Summer,,
2014-07-20,43.75,-66.73,Visual,1,Summer,,
2014-07-20,43.67,-68.35,Visual,1,Summer,,
2014-07-20,43.66,-68.65,Visual,1,Summer,,
2014-07-20,43.65,-68.88,Visual,1,Summer,,
2014-07-21,47.04,-60.41,Visual,1,Summer,,
2014-07-18,47.03,-60.56,Visual,1,Summer,,
2014-07-22,43.63,-63.35,Visual,1,Summer,,
2014-07-19,43.21,-65.06,Visual,1,Summer,,
2014-07-19,42.74,-65.39,Visual,1,Summer,,
2014-07-21,41.38,-69.36,Visual,1,Summer,,
2014-07-18,44.3,-66.39,Visual,1,Summer,,
2014-07-18,42.35,-66.27,Visual,1,Summer,,
2014-07-18,42.17,-66.05,Visual,1,Summer,,
2014-07-18,42.32,-66.89,Visual,1,Summer,,
2014-07-15,44.42,-66.22,Visual,1,Summer,,
2014-07-03,47.03,-60.51,Visual,1,Summer,,
2012-08-16,45.23,-64.52,Visual,1,Summer,,
2014-07-11,44.14,-67.65,Visual,1,Summer,,
2014-06-25,40.4,-73.92,Visual,1,Summer,,
2014-07-01,42.17,-66.04,Visual,1,Summer,,
2014-06-29,42.24,-66.2,Visual,1,Summer,,
2014-06-29,42.17,-66.17,Visual,1,Summer,,
2014-06-29,42.27,-66.27,Visual,1,Summer,,
2014-06-29,42.27,-66.5,Visual,1,Summer,,
2014-06-28,42.14,-67.7,Visual,1,Summer,,
2014-06-28,42.09,-68.5,Visual,1,Summer,,
2014-06-24,46.69,-60.35,Visual,1,Summer,,
2014-05-05,42.89,-66.65,Visual,1,Spring,,
2014-06-24,42.12,-67.92,Visual,1,Summer,,
2014-06-23,42.11,-70.02,Visual,1,Summer,,
2014-06-23,42.31,-68.43,Visual,1,Summer,,
2014-05-31,48.63,-64.02,Visual,1,Spring,,
2014-06-20,42.11,-68.99,Visual,1,Summer,,
2014-06-20,42.34,-68.74,Visual,1,Summer,,
2014-06-20,42.31,-68.71,Visual,1,Summer,,
2014-06-20,42.3,-68.87,Visual,1,Summer,,
2014-06-11,45.12,-61.58,Visual,1,Summer,,
2014-02-24,37.25,-75.13,Visual,1,Winter,,
2014-06-09,42.22,-68.06,Visual,1,Summer,,
2014-06-08,42.2,-69.04,Visual,1,Summer,,
2014-06-08,42.22,-68.65,Visual,1,Summer,,
2014-06-08,42.18,-68.71,Visual,1,Summer,,
2014-06-08,42.19,-68.75,Visual,1,Summer,,
2014-06-08,42.17,-68.75,Visual,1,Summer,,
2014-06-07,40.55,-74.03,Visual,1,Summer,,
2014-06-07,41.82,-68.38,Visual,1,Summer,,
2014-06-07,41.29,-69.02,Visual,1,Summer,,
2014-06-06,42.15,-68.99,Visual,1,Summer,,
2014-06-06,42.27,-68.62,Visual,1,Summer,,
2014-06-06,42.37,-68.26,Visual,1,Summer,,
2014-06-06,42.34,-68.21,Visual,1,Summer,,
2014-06-06,42.23,-68.71,Visual,1,Summer,,
2014-06-06,41.7,-69.64,Visual,1,Summer,,
2014-06-03,41.58,-69.49,Visual,1,Summer,,
2014-06-03,42.61,-68.17,Visual,1,Summer,,
2014-06-03,41.3,-69.3,Visual,1,Summer,,
2014-06-01,42.59,-68.21,Visual,1,Summer,,
2014-05-12,42.13,-69.18,Visual,1,Spring,,
2014-05-12,42.15,-69.11,Visual,1,Spring,,
2014-05-12,42.44,-68.99,Visual,1,Spring,,
2014-05-12,42.13,-68.78,Visual,1,Spring,,
2014-05-12,42.18,-68.69,Visual,1,Spring,,
2014-05-12,42.17,-69.27,Visual,1,Spring,,
2014-05-08,41.76,-68.75,Visual,1,Spring,,
2014-05-08,41.72,-68.98,Visual,1,Spring,,
2014-05-08,41.64,-69.0,Visual,1,Spring,,
2014-05-08,41.61,-69.12,Visual,1,Spring,,
2014-05-08,41.52,-69.38,Visual,1,Spring,,
2014-05-08,41.75,-69.14,Visual,1,Spring,,
2014-05-08,42.0,-68.58,Visual,1,Spring,,
2014-05-08,41.96,-68.98,Visual,1,Spring,,
2014-05-08,41.87,-69.24,Visual,1,Spring,,
2014-05-08,42.05,-69.18,Visual,1,Spring,,
2014-05-07,41.2,-69.39,Visual,1,Spring,,
2014-05-06,41.21,-69.28,Visual,1,Spring,,
2014-05-06,41.23,-69.23,Visual,1,Spring,,
2014-05-06,41.22,-69.18,Visual,1,Spring,,
2014-05-06,41.29,-69.15,Visual,1,Spring,,
2014-05-06,41.32,-69.05,Visual,1,Spring,,
2014-05-06,41.39,-68.92,Visual,1,Spring,,
2014-05-06,41.43,-68.78,Visual,1,Spring,,
2014-05-06,41.3,-68.73,Visual,1,Spring,,
2014-05-06,41.29,-68.84,Visual,1,Spring,,
2014-05-05,41.4,-69.22,Visual,1,Spring,,
2014-05-05,41.48,-69.33,Visual,1,Spring,,
2014-05-05,42.67,-69.95,Visual,1,Spring,,
2014-05-03,41.84,-69.32,Visual,1,Spring,,
2014-05-03,42.2,-67.49,Visual,1,Spring,,
2014-05-03,41.97,-68.28,Visual,1,Spring,,
2014-05-03,41.95,-68.34,Visual,1,Spring,,
2014-05-03,41.91,-68.45,Visual,1,Spring,,
2014-05-03,42.08,-70.24,Visual,1,Spring,,
2014-05-03,41.83,-69.6,Visual,1,Spring,,
2014-05-03,41.84,-69.64,Visual,1,Spring,,
2014-05-02,42.06,-70.25,Visual,1,Spring,,
2014-04-29,39.52,-72.87,Visual,1,Spring,,
2014-04-23,41.15,-70.05,Visual,1,Spring,,
2014-04-23,42.02,-70.03,Visual,1,Spring,,
2014-04-23,42.0,-70.02,Visual,1,Spring,,
2014-04-23,42.02,-70.02,Visual,1,Spring,,
2014-04-25,41.1,-69.07,Visual,1,Spring,,
2014-04-25,41.08,-69.07,Visual,1,Spring,,
2014-04-25,42.0,-70.03,Visual,1,Spring,,
2014-04-27,42.02,-70.02,Visual,1,Spring,,
2014-04-27,42.03,-70.03,Visual,1,Spring,,
2014-04-25,41.99,-70.32,Visual,1,Spring,,
2014-04-25,42.0,-70.19,Visual,1,Spring,,
2014-04-23,42.09,-70.21,Visual,1,Spring,,
2014-04-23,42.08,-70.24,Visual,1,Spring,,
2014-04-22,41.22,-70.16,Visual,1,Spring,,
2014-04-23,42.01,-70.18,Visual,1,Spring,,
2014-04-22,42.01,-70.18,Visual,1,Spring,,
2014-04-22,42.07,-70.25,Visual,1,Spring,,
2014-04-22,42.08,-70.08,Visual,1,Spring,,
2014-04-22,42.09,-70.21,Visual,1,Spring,,
2014-04-22,42.02,-70.19,Visual,1,Spring,,
2014-04-22,42.02,-70.18,Visual,1,Spring,,
2014-04-22,41.95,-70.5,Visual,1,Spring,,
2014-04-22,42.09,-70.2,Visual,1,Spring,,
2014-04-22,42.09,-70.23,Visual,1,Spring,,
2014-04-22,42.02,-70.2,Visual,1,Spring,,
2014-04-21,42.1,-70.23,Visual,1,Spring,,
2014-04-21,42.11,-70.22,Visual,1,Spring,,
2014-04-21,42.4,-70.44,Visual,1,Spring,,
2014-04-21,41.78,-70.34,Visual,1,Spring,,
2014-04-21,41.75,-70.37,Visual,1,Spring,,
2014-04-21,41.77,-70.35,Visual,1,Spring,,
2014-04-21,41.76,-70.3,Visual,1,Spring,,
2014-04-21,41.79,-70.24,Visual,1,Spring,,
2014-04-21,41.79,-70.34,Visual,1,Spring,,
2014-04-21,41.8,-70.49,Visual,1,Spring,,
2014-04-21,41.81,-70.35,Visual,1,Spring,,
2014-04-21,41.82,-70.35,Visual,1,Spring,,
2014-04-21,41.82,-70.36,Visual,1,Spring,,
2014-04-21,41.84,-70.36,Visual,1,Spring,,
2014-04-21,41.82,-70.39,Visual,1,Spring,,
2014-04-21,42.07,-70.54,Visual,1,Spring,,
2014-04-20,42.03,-70.22,Visual,1,Spring,,
2014-04-19,42.08,-70.44,Visual,1,Spring,,
2014-04-19,42.14,-70.35,Visual,1,Spring,,
2014-04-19,42.13,-70.38,Visual,1,Spring,,
2014-04-19,42.22,-70.74,Visual,1,Spring,,
2014-04-19,42.06,-70.25,Visual,1,Spring,,
2014-04-19,42.02,-70.18,Visual,1,Spring,,
2014-04-19,42.04,-70.17,Visual,1,Spring,,
2014-04-19,42.15,-70.42,Visual,1,Spring,,
2014-04-19,42.09,-69.68,Visual,1,Spring,,
2014-04-19,42.07,-70.25,Visual,1,Spring,,
2014-04-18,42.04,-70.23,Visual,1,Spring,,
2014-04-18,42.01,-70.19,Visual,1,Spring,,
2014-04-18,42.04,-70.17,Visual,1,Spring,,
2014-04-18,42.03,-70.16,Visual,1,Spring,,
2014-04-18,42.02,-70.17,Visual,1,Spring,,
2014-04-18,42.04,-70.19,Visual,1,Spring,,
2014-04-18,41.76,-70.34,Visual,1,Spring,,
2014-04-18,41.76,-70.31,Visual,1,Spring,,
2014-04-18,41.77,-70.2,Visual,1,Spring,,
2014-04-18,41.8,-70.29,Visual,1,Spring,,
2014-04-18,41.83,-70.45,Visual,1,Spring,,
2014-04-18,41.87,-70.4,Visual,1,Spring,,
2014-04-18,41.97,-70.11,Visual,1,Spring,,
2014-04-18,41.98,-70.21,Visual,1,Spring,,
2014-04-18,42.01,-70.39,Visual,1,Spring,,
2014-04-18,42.0,-70.25,Visual,1,Spring,,
2014-04-18,41.99,-70.23,Visual,1,Spring,,
2014-04-18,42.01,-70.21,Visual,1,Spring,,
2014-04-18,41.99,-70.19,Visual,1,Spring,,
2014-04-18,42.0,-70.19,Visual,1,Spring,,
2014-04-18,42.0,-70.14,Visual,1,Spring,,
2014-04-18,42.06,-70.26,Visual,1,Spring,,
2014-04-18,41.97,-69.91,Visual,1,Spring,,
2014-04-17,42.11,-69.84,Visual,1,Spring,,
2014-04-17,42.15,-70.05,Visual,1,Spring,,
2014-04-17,42.08,-70.32,Visual,1,Spring,,
2014-04-17,42.0,-70.22,Visual,1,Spring,,
2014-04-17,42.02,-70.17,Visual,1,Spring,,
2014-04-16,42.0,-70.15,Visual,1,Spring,,
2014-04-15,41.81,-70.3,Visual,1,Spring,,
2014-04-15,41.85,-70.38,Visual,1,Spring,,
2014-04-13,42.17,-70.27,Visual,1,Spring,,
2014-04-13,41.93,-70.27,Visual,1,Spring,,
2014-04-12,42.16,-70.43,Visual,1,Spring,,
2014-04-12,42.14,-70.46,Visual,1,Spring,,
2014-04-12,41.78,-70.27,Visual,1,Spring,,
2014-04-12,41.78,-70.26,Visual,1,Spring,,
2014-04-12,41.78,-70.28,Visual,1,Spring,,
2014-04-12,41.77,-70.31,Visual,1,Spring,,
2014-04-12,41.77,-70.33,Visual,1,Spring,,
2014-04-12,41.76,-70.34,Visual,1,Spring,,
2014-04-12,41.8,-70.4,Visual,1,Spring,,
2014-04-12,41.8,-70.22,Visual,1,Spring,,
2014-04-12,41.79,-70.2,Visual,1,Spring,,
2014-04-12,41.82,-70.24,Visual,1,Spring,,
2014-04-12,41.84,-70.3,Visual,1,Spring,,
2014-04-12,41.81,-70.33,Visual,1,Spring,,
2014-04-12,41.83,-70.37,Visual,1,Spring,,
2014-04-12,41.83,-70.42,Visual,1,Spring,,
2014-04-12,41.82,-70.46,Visual,1,Spring,,
2014-04-12,41.85,-70.44,Visual,1,Spring,,
2014-04-12,41.86,-70.37,Visual,1,Spring,,
2014-04-12,41.88,-70.25,Visual,1,Spring,,
2014-04-12,41.85,-70.23,Visual,1,Spring,,
2014-04-12,41.85,-70.21,Visual,1,Spring,,
2014-04-12,41.88,-70.2,Visual,1,Spring,,
2014-04-12,41.88,-70.23,Visual,1,Spring,,
2014-04-12,41.88,-70.33,Visual,1,Spring,,
2014-04-12,41.86,-70.35,Visual,1,Spring,,
2014-04-12,41.86,-70.33,Visual,1,Spring,,
2014-04-12,41.87,-70.34,Visual,1,Spring,,
2014-04-12,41.88,-70.38,Visual,1,Spring,,
2014-04-12,41.92,-70.3,Visual,1,Spring,,
2014-04-12,41.93,-70.26,Visual,1,Spring,,
2014-04-12,41.93,-70.29,Visual,1,Spring,,
2014-04-12,41.9,-70.21,Visual,1,Spring,,
2014-04-12,41.92,-70.28,Visual,1,Spring,,
2014-04-12,41.95,-70.33,Visual,1,Spring,,
2014-04-12,41.95,-70.22,Visual,1,Spring,,
2014-04-12,42.04,-70.37,Visual,1,Spring,,
2014-04-12,42.03,-70.45,Visual,1,Spring,,
2014-04-12,42.05,-70.42,Visual,1,Spring,,
2014-04-12,42.1,-70.3,Visual,1,Spring,,
2014-04-12,42.1,-70.54,Visual,1,Spring,,
2014-04-12,42.13,-70.29,Visual,1,Spring,,
2014-04-12,42.12,-70.28,Visual,1,Spring,,
2014-04-12,42.02,-69.96,Visual,1,Spring,,
2014-04-12,42.03,-70.56,Visual,1,Spring,,
2014-04-11,42.76,-69.95,Visual,1,Spring,,
2014-04-11,41.0,-70.2,Visual,1,Spring,,
2014-04-11,42.26,-70.33,Visual,1,Spring,,
2014-04-10,41.17,-70.33,Visual,1,Spring,,
2014-04-10,41.16,-70.18,Visual,1,Spring,,
2014-04-10,41.09,-70.24,Visual,1,Spring,,
2014-04-10,38.4,-75.03,Visual,1,Spring,,
2014-04-09,41.84,-70.29,Visual,1,Spring,,
2014-04-09,42.02,-70.33,Visual,1,Spring,,
2014-04-09,41.99,-70.42,Visual,1,Spring,,
2014-04-09,42.02,-70.46,Visual,1,Spring,,
2014-04-09,42.02,-70.51,Visual,1,Spring,,
2014-04-09,41.99,-70.45,Visual,1,Spring,,
2014-04-09,41.99,-70.41,Visual,1,Spring,,
2014-04-09,42.0,-70.37,Visual,1,Spring,,
2014-04-09,41.98,-70.35,Visual,1,Spring,,
2014-04-09,41.97,-70.38,Visual,1,Spring,,
2014-04-09,41.96,-70.37,Visual,1,Spring,,
2014-04-09,41.95,-70.47,Visual,1,Spring,,
2014-04-09,41.94,-70.45,Visual,1,Spring,,
2014-04-09,41.94,-70.35,Visual,1,Spring,,
2014-04-09,41.91,-70.31,Visual,1,Spring,,
2014-04-09,41.91,-70.23,Visual,1,Spring,,
2014-04-09,41.92,-70.43,Visual,1,Spring,,
2014-04-09,41.9,-70.31,Visual,1,Spring,,
2014-04-09,41.89,-70.29,Visual,1,Spring,,
2014-04-09,41.9,-70.29,Visual,1,Spring,,
2014-04-09,41.89,-70.25,Visual,1,Spring,,
2014-04-09,41.89,-70.23,Visual,1,Spring,,
2014-04-09,41.88,-70.22,Visual,1,Spring,,
2014-04-09,41.85,-70.28,Visual,1,Spring,,
2014-04-09,41.87,-70.35,Visual,1,Spring,,
2014-04-09,41.85,-70.37,Visual,1,Spring,,
2014-04-09,41.84,-70.39,Visual,1,Spring,,
2014-04-09,41.85,-70.35,Visual,1,Spring,,
2014-04-09,41.82,-70.35,Visual,1,Spring,,
2014-04-09,41.82,-70.33,Visual,1,Spring,,
2014-04-09,41.78,-70.32,Visual,1,Spring,,
2014-04-09,41.77,-70.31,Visual,1,Spring,,
2014-04-09,41.77,-70.3,Visual,1,Spring,,
2014-04-09,42.09,-70.59,Visual,1,Spring,,
2014-04-07,41.81,-70.46,Visual,1,Spring,,
2014-04-07,41.84,-70.38,Visual,1,Spring,,
2014-04-07,41.85,-70.45,Visual,1,Spring,,
2014-04-07,42.06,-70.43,Visual,1,Spring,,
2014-04-07,42.11,-70.32,Visual,1,Spring,,
2014-04-03,28.35,-80.59,Visual,1,Spring,,
2014-04-01,28.92,-80.78,Visual,1,Spring,,
2014-04-07,42.01,-69.97,Visual,1,Spring,,
2014-04-07,42.08,-70.03,Visual,1,Spring,,
2014-04-07,42.07,-70.01,Visual,1,Spring,,
2014-04-07,42.12,-70.16,Visual,1,Spring,,
2014-04-07,42.1,-70.19,Visual,1,Spring,,
2014-04-07,42.1,-70.18,Visual,1,Spring,,
2014-04-07,42.08,-70.12,Visual,1,Spring,,
2014-04-07,42.04,-70.38,Visual,1,Spring,,
2014-04-07,41.83,-70.49,Visual,1,Spring,,
2014-04-07,41.48,-69.42,Visual,1,Spring,,
2014-04-07,41.55,-69.85,Visual,1,Spring,,
2014-04-06,41.93,-69.94,Visual,1,Spring,,
2014-04-06,42.02,-70.0,Visual,1,Spring,,
2014-04-06,42.02,-69.96,Visual,1,Spring,,
2014-04-06,42.03,-70.01,Visual,1,Spring,,
2014-04-06,42.1,-70.13,Visual,1,Spring,,
2014-04-06,42.11,-70.16,Visual,1,Spring,,
2014-04-06,42.11,-70.17,Visual,1,Spring,,
2014-04-06,42.1,-70.2,Visual,1,Spring,,
2014-04-06,42.09,-70.2,Visual,1,Spring,,
2014-04-06,42.11,-70.34,Visual,1,Spring,,
2014-04-06,42.11,-70.41,Visual,1,Spring,,
2014-04-06,42.08,-70.62,Visual,1,Spring,,
2014-04-06,42.09,-70.33,Visual,1,Spring,,
2014-04-06,42.09,-70.22,Visual,1,Spring,,
2014-04-06,42.08,-70.24,Visual,1,Spring,,
2014-04-06,42.07,-70.25,Visual,1,Spring,,
2014-04-06,42.03,-70.43,Visual,1,Spring,,
2014-04-06,42.04,-70.42,Visual,1,Spring,,
2014-04-06,42.03,-70.41,Visual,1,Spring,,
2014-04-06,42.0,-70.32,Visual,1,Spring,,
2014-04-06,41.98,-70.34,Visual,1,Spring,,
2014-04-06,41.99,-70.24,Visual,1,Spring,,
2014-04-06,41.87,-70.48,Visual,1,Spring,,
2014-04-06,41.87,-70.36,Visual,1,Spring,,
2014-04-06,41.86,-70.33,Visual,1,Spring,,
2014-04-06,41.86,-70.43,Visual,1,Spring,,
2014-04-06,41.86,-70.47,Visual,1,Spring,,
2014-04-06,41.8,-70.41,Visual,1,Spring,,
2014-04-06,41.79,-70.48,Visual,1,Spring,,
2014-04-06,41.79,-70.47,Visual,1,Spring,,
2014-04-06,41.8,-70.47,Visual,1,Spring,,
2014-04-06,41.8,-70.46,Visual,1,Spring,,
2014-04-06,41.79,-70.46,Visual,1,Spring,,
2014-04-06,41.75,-70.4,Visual,1,Spring,,
2014-04-06,41.76,-70.42,Visual,1,Spring,,
2014-04-06,41.78,-70.44,Visual,1,Spring,,
2014-04-06,41.79,-70.4,Visual,1,Spring,,
2014-04-06,41.79,-70.38,Visual,1,Spring,,
2014-04-06,41.79,-70.33,Visual,1,Spring,,
2014-04-06,41.77,-70.5,Visual,1,Spring,,
2014-04-05,42.04,-70.22,Visual,1,Spring,,
2014-04-05,42.28,-70.86,Visual,1,Spring,,
2014-04-04,42.13,-61.89,Visual,1,Spring,,
2014-04-04,42.11,-70.14,Visual,1,Spring,,
2014-04-04,42.09,-70.49,Visual,1,Spring,,
2014-04-04,42.09,-70.42,Visual,1,Spring,,
2014-04-04,42.08,-70.39,Visual,1,Spring,,
2014-04-04,42.08,-70.29,Visual,1,Spring,,
2014-04-04,42.05,-70.34,Visual,1,Spring,,
2014-04-04,42.05,-70.35,Visual,1,Spring,,
2014-04-04,42.06,-70.38,Visual,1,Spring,,
2014-04-04,42.07,-70.38,Visual,1,Spring,,
2014-04-04,42.06,-70.56,Visual,1,Spring,,
2014-04-04,42.04,-70.44,Visual,1,Spring,,
2014-04-04,42.04,-70.37,Visual,1,Spring,,
2014-04-04,42.03,-70.32,Visual,1,Spring,,
2014-04-04,42.01,-70.23,Visual,1,Spring,,
2014-04-04,41.97,-70.41,Visual,1,Spring,,
2014-04-04,41.96,-70.21,Visual,1,Spring,,
2014-04-04,41.97,-70.27,Visual,1,Spring,,
2014-04-04,41.96,-70.31,Visual,1,Spring,,
2014-04-04,41.95,-70.32,Visual,1,Spring,,
2014-04-04,41.96,-70.38,Visual,1,Spring,,
2014-04-04,41.93,-70.44,Visual,1,Spring,,
2014-04-04,41.91,-70.34,Visual,1,Spring,,
2014-04-04,41.89,-70.36,Visual,1,Spring,,
2014-04-04,41.88,-70.34,Visual,1,Spring,,
2014-04-04,41.88,-70.29,Visual,1,Spring,,
2014-04-04,41.82,-70.31,Visual,1,Spring,,
2014-04-04,41.81,-70.35,Visual,1,Spring,,
2014-04-04,41.79,-70.37,Visual,1,Spring,,
2014-04-04,41.79,-70.36,Visual,1,Spring,,
2014-04-04,41.77,-70.35,Visual,1,Spring,,
2014-04-04,41.78,-70.36,Visual,1,Spring,,
2014-04-04,41.78,-70.34,Visual,1,Spring,,
2014-04-04,41.76,-70.3,Visual,1,Spring,,
2014-04-04,42.32,-70.91,Visual,1,Spring,,
2014-04-04,36.54,-75.16,Visual,1,Spring,,
2014-03-31,38.74,-72.87,Visual,1,Spring,,
2014-04-03,39.53,-73.18,Visual,1,Spring,,
2014-04-03,42.15,-70.54,Visual,1,Spring,,
2014-04-03,41.08,-70.94,Visual,1,Spring,,
2014-04-03,41.74,-69.83,Visual,1,Spring,,
2014-04-02,40.78,-69.95,Visual,1,Spring,,
2014-04-02,40.9,-70.25,Visual,1,Spring,,
2014-04-02,40.84,-70.24,Visual,1,Spring,,
2014-04-02,40.83,-70.22,Visual,1,Spring,,
2014-04-02,42.0,-70.21,Visual,1,Spring,,
2014-04-02,42.0,-70.22,Visual,1,Spring,,
2014-04-02,41.87,-70.25,Visual,1,Spring,,
2014-04-02,41.86,-70.22,Visual,1,Spring,,
2014-04-02,41.87,-70.23,Visual,1,Spring,,
2014-04-02,41.77,-70.33,Visual,1,Spring,,
2014-04-02,41.81,-70.38,Visual,1,Spring,,
2014-04-02,41.83,-70.37,Visual,1,Spring,,
2014-04-02,41.81,-70.37,Visual,1,Spring,,
2014-04-02,41.82,-70.38,Visual,1,Spring,,
2014-04-02,41.84,-70.4,Visual,1,Spring,,
2014-04-02,41.84,-70.36,Visual,1,Spring,,
2014-04-02,41.85,-70.37,Visual,1,Spring,,
2014-04-02,41.89,-70.29,Visual,1,Spring,,
2014-04-02,41.9,-70.29,Visual,1,Spring,,
2014-04-02,41.9,-70.28,Visual,1,Spring,,
2014-04-02,41.91,-70.27,Visual,1,Spring,,
2014-04-02,41.92,-70.26,Visual,1,Spring,,
2014-04-02,41.95,-70.26,Visual,1,Spring,,
2014-04-02,41.94,-70.27,Visual,1,Spring,,
2014-04-02,41.95,-70.31,Visual,1,Spring,,
2014-04-02,41.96,-70.24,Visual,1,Spring,,
2014-04-02,41.95,-70.25,Visual,1,Spring,,
2014-04-02,41.97,-70.25,Visual,1,Spring,,
2014-04-02,41.98,-70.27,Visual,1,Spring,,
2014-04-02,41.98,-70.25,Visual,1,Spring,,
2014-04-02,41.99,-70.25,Visual,1,Spring,,
2014-04-02,41.99,-70.27,Visual,1,Spring,,
2014-04-02,41.98,-70.28,Visual,1,Spring,,
2014-04-02,41.99,-70.3,Visual,1,Spring,,
2014-04-02,41.99,-70.29,Visual,1,Spring,,
2014-04-02,42.0,-70.29,Visual,1,Spring,,
2014-04-02,42.0,-70.26,Visual,1,Spring,,
2014-04-02,42.06,-70.45,Visual,1,Spring,,
2014-04-02,42.09,-70.46,Visual,1,Spring,,
2014-04-02,42.11,-70.48,Visual,1,Spring,,
2014-04-02,42.11,-70.35,Visual,1,Spring,,
2014-04-02,42.0,-70.3,Visual,1,Spring,,
2014-04-01,42.04,-70.22,Visual,1,Spring,,
2014-03-31,29.14,-80.96,Visual,1,Spring,,
2014-03-31,41.94,-70.18,Visual,1,Spring,,
2014-03-30,29.34,-81.05,Visual,1,Spring,,
2014-03-29,29.55,-81.15,Visual,1,Spring,,
2014-03-28,41.92,-70.3,Visual,1,Spring,,
2014-03-28,29.63,-81.19,Visual,1,Spring,,
2014-03-27,29.33,-81.05,Visual,1,Spring,,
2014-03-27,29.37,-81.07,Visual,1,Spring,,
2014-03-26,30.67,-81.38,Visual,1,Spring,,
2014-03-25,41.95,-69.88,Visual,1,Spring,,
2014-03-25,42.1,-70.06,Visual,1,Spring,,
2014-03-25,42.11,-70.16,Visual,1,Spring,,
2014-03-25,42.11,-70.56,Visual,1,Spring,,
2014-03-25,42.07,-70.52,Visual,1,Spring,,
2014-03-25,42.08,-70.33,Visual,1,Spring,,
2014-03-25,42.06,-70.51,Visual,1,Spring,,
2014-03-25,42.04,-70.51,Visual,1,Spring,,
2014-03-25,42.05,-70.52,Visual,1,Spring,,
2014-03-25,42.03,-70.28,Visual,1,Spring,,
2014-03-25,42.03,-70.18,Visual,1,Spring,,
2014-03-25,42.02,-70.17,Visual,1,Spring,,
2014-03-25,42.01,-70.21,Visual,1,Spring,,
2014-03-25,42.02,-70.2,Visual,1,Spring,,
2014-03-25,42.02,-70.3,Visual,1,Spring,,
2014-03-25,42.02,-70.35,Visual,1,Spring,,
2014-03-25,42.01,-70.35,Visual,1,Spring,,
2014-03-25,42.02,-70.46,Visual,1,Spring,,
2014-03-25,42.03,-70.51,Visual,1,Spring,,
2014-03-25,41.98,-70.23,Visual,1,Spring,,
2014-03-25,41.99,-70.24,Visual,1,Spring,,
2014-03-25,41.99,-70.19,Visual,1,Spring,,
2014-03-25,42.0,-70.16,Visual,1,Spring,,
2014-03-25,41.97,-70.31,Visual,1,Spring,,
2014-03-25,41.95,-70.32,Visual,1,Spring,,
2014-03-25,41.96,-70.43,Visual,1,Spring,,
2014-03-25,41.94,-70.35,Visual,1,Spring,,
2014-03-25,41.93,-70.16,Visual,1,Spring,,
2014-03-25,41.95,-70.18,Visual,1,Spring,,
2014-03-25,41.91,-70.14,Visual,1,Spring,,
2014-03-25,41.9,-70.18,Visual,1,Spring,,
2014-03-25,41.9,-70.19,Visual,1,Spring,,
2014-03-25,41.9,-70.27,Visual,1,Spring,,
2014-03-25,41.9,-70.33,Visual,1,Spring,,
2014-03-25,41.92,-70.39,Visual,1,Spring,,
2014-03-25,41.89,-70.42,Visual,1,Spring,,
2014-03-25,41.89,-70.33,Visual,1,Spring,,
2014-03-25,41.89,-70.17,Visual,1,Spring,,
2014-03-25,41.85,-70.23,Visual,1,Spring,,
2014-03-25,41.8,-70.34,Visual,1,Spring,,
2014-03-25,29.01,-80.87,Visual,1,Spring,,
2014-03-23,41.82,-70.24,Visual,1,Spring,,
2014-03-23,41.8,-70.23,Visual,1,Spring,,
2014-03-23,41.84,-70.25,Visual,1,Spring,,
2014-03-23,41.85,-70.51,Visual,1,Spring,,
2014-03-23,41.85,-70.35,Visual,1,Spring,,
2014-03-23,41.88,-70.41,Visual,1,Spring,,
2014-03-23,41.93,-70.15,Visual,1,Spring,,
2014-03-23,41.93,-70.35,Visual,1,Spring,,
2014-03-23,41.94,-70.35,Visual,1,Spring,,
2014-03-23,41.98,-70.17,Visual,1,Spring,,
2014-03-23,42.01,-70.29,Visual,1,Spring,,
2014-03-23,42.0,-70.25,Visual,1,Spring,,
2014-03-23,42.03,-70.21,Visual,1,Spring,,
2014-03-23,42.02,-70.2,Visual,1,Spring,,
2014-03-23,42.0,-70.15,Visual,1,Spring,,
2014-03-23,42.03,-70.31,Visual,1,Spring,,
2014-03-23,42.07,-70.5,Visual,1,Spring,,
2014-03-23,42.07,-70.48,Visual,1,Spring,,
2014-03-23,42.08,-70.49,Visual,1,Spring,,
2014-03-23,42.12,-70.33,Visual,1,Spring,,
2014-03-22,29.97,-81.32,Visual,1,Spring,,
2014-03-22,30.02,-81.32,Visual,1,Spring,,
2014-03-22,41.17,-70.22,Visual,1,Spring,,
2014-03-21,30.55,-81.12,Visual,1,Spring,,
2014-03-21,28.34,-80.6,Visual,1,Spring,,
2014-03-20,29.63,-81.19,Visual,1,Spring,,
2014-03-19,42.02,-70.17,Visual,1,Spring,,
2014-03-19,41.88,-70.23,Visual,1,Spring,,
2014-03-19,41.87,-70.23,Visual,1,Spring,,
2014-03-19,41.86,-70.23,Visual,1,Spring,,
2014-03-19,41.85,-70.23,Visual,1,Spring,,
2014-03-19,41.8,-70.2,Visual,1,Spring,,
2014-03-19,41.92,-70.12,Visual,1,Spring,,
2014-03-19,41.93,-70.23,Visual,1,Spring,,
2014-03-19,42.02,-70.19,Visual,1,Spring,,
2014-03-19,42.03,-70.16,Visual,1,Spring,,
2014-03-19,42.03,-70.17,Visual,1,Spring,,
2014-03-19,42.05,-70.25,Visual,1,Spring,,
2014-03-18,41.95,-70.18,Visual,1,Spring,,
2014-03-18,41.92,-70.18,Visual,1,Spring,,
2014-03-18,41.93,-70.21,Visual,1,Spring,,
2014-03-18,41.94,-70.13,Visual,1,Spring,,
2014-03-18,41.96,-70.47,Visual,1,Spring,,
2014-03-18,41.9,-70.31,Visual,1,Spring,,
2014-03-18,41.98,-70.19,Visual,1,Spring,,
2014-03-18,41.86,-70.26,Visual,1,Spring,,
2014-03-18,41.78,-70.14,Visual,1,Spring,,
2014-03-18,42.0,-70.19,Visual,1,Spring,,
2014-03-18,42.0,-70.17,Visual,1,Spring,,
2014-03-18,42.0,-70.24,Visual,1,Spring,,
2014-03-18,42.01,-70.21,Visual,1,Spring,,
2014-03-18,42.03,-70.12,Visual,1,Spring,,
2014-03-18,42.03,-70.21,Visual,1,Spring,,
2014-03-18,42.04,-70.22,Visual,1,Spring,,
2014-03-18,42.04,-70.23,Visual,1,Spring,,
2014-03-18,42.01,-70.24,Visual,1,Spring,,
2014-03-18,42.01,-70.26,Visual,1,Spring,,
2014-03-18,42.03,-70.24,Visual,1,Spring,,
2014-03-18,42.01,-70.2,Visual,1,Spring,,
2014-03-18,42.06,-70.25,Visual,1,Spring,,
2014-02-16,30.51,-81.11,Visual,1,Winter,,
2014-03-17,29.11,-80.93,Visual,1,Spring,,
2014-03-17,41.78,-70.1,Visual,1,Spring,,
2014-03-17,41.8,-70.11,Visual,1,Spring,,
2014-03-17,41.81,-70.1,Visual,1,Spring,,
2014-03-17,41.75,-70.29,Visual,1,Spring,,
2014-03-17,42.03,-70.25,Visual,1,Spring,,
2014-03-17,42.05,-70.25,Visual,1,Spring,,
2014-03-17,42.06,-70.28,Visual,1,Spring,,
2014-03-16,30.68,-81.4,Visual,1,Spring,,
2014-03-16,30.69,-81.35,Visual,1,Spring,,
2014-03-16,30.28,-81.34,Visual,1,Spring,,
2014-03-16,40.3,-73.57,Visual,1,Spring,,
2014-03-14,30.6,-81.17,Visual,1,Spring,,
2014-03-14,30.62,-81.14,Visual,1,Spring,,
2014-03-14,30.28,-81.31,Visual,1,Spring,,
2014-03-14,30.88,-81.35,Visual,1,Spring,,
2014-03-14,41.76,-70.18,Visual,1,Spring,,
2014-03-14,42.02,-70.1,Visual,1,Spring,,
2014-03-14,42.03,-70.12,Visual,1,Spring,,
2014-03-14,42.01,-70.14,Visual,1,Spring,,
2014-03-12,41.78,-70.16,Visual,1,Spring,,
2014-03-12,42.01,-70.19,Visual,1,Spring,,
2014-03-12,41.92,-70.19,Visual,1,Spring,,
2014-03-12,41.79,-70.14,Visual,1,Spring,,
2014-03-12,41.78,-70.13,Visual,1,Spring,,
2014-03-12,41.79,-70.13,Visual,1,Spring,,
2014-03-11,31.33,-80.94,Visual,1,Spring,,
2014-03-11,31.28,-81.17,Visual,1,Spring,,
2014-03-11,30.72,-81.18,Visual,1,Spring,,
2014-03-11,28.29,-80.6,Visual,1,Spring,,
2014-03-11,28.4,-80.59,Visual,1,Spring,,
2014-03-11,41.76,-70.18,Visual,1,Spring,,
2014-03-11,41.93,-70.22,Visual,1,Spring,,
2014-03-11,41.96,-70.21,Visual,1,Spring,,
2014-03-10,27.9,-80.46,Visual,1,Spring,,
2014-03-10,27.89,-80.46,Visual,1,Spring,,
2014-03-10,29.96,-81.04,Visual,1,Spring,,
2014-03-10,31.19,-80.94,Visual,1,Spring,,
2014-03-10,30.99,-81.21,Visual,1,Spring,,
2014-03-10,30.93,-81.17,Visual,1,Spring,,
2014-03-10,41.75,-70.18,Visual,1,Spring,,
2014-03-10,41.75,-70.23,Visual,1,Spring,,
2014-03-10,41.75,-70.21,Visual,1,Spring,,
2014-03-10,41.75,-70.2,Visual,1,Spring,,
2014-03-10,41.74,-70.35,Visual,1,Spring,,
2014-03-09,41.75,-70.22,Visual,1,Spring,,
2014-03-08,41.78,-70.14,Visual,1,Spring,,
2014-03-08,27.28,-80.2,Visual,1,Spring,,
2014-03-08,30.67,-81.19,Visual,1,Spring,,
2014-03-08,30.78,-81.11,Visual,1,Spring,,
2014-03-08,30.27,-81.15,Visual,1,Spring,,
2014-03-08,41.85,-70.26,Visual,1,Spring,,
2014-03-07,41.98,-70.24,Visual,1,Spring,,
2014-03-07,41.96,-70.21,Visual,1,Spring,,
2014-03-07,41.93,-70.24,Visual,1,Spring,,
2014-03-07,41.85,-70.24,Visual,1,Spring,,
2014-03-07,41.84,-70.23,Visual,1,Spring,,
2014-03-07,41.8,-70.26,Visual,1,Spring,,
2014-03-07,41.88,-70.22,Visual,1,Spring,,
2014-03-05,40.63,-69.92,Visual,1,Spring,,
2014-03-05,41.24,-70.3,Visual,1,Spring,,
2014-03-05,41.1,-70.29,Visual,1,Spring,,
2014-03-05,41.16,-70.39,Visual,1,Spring,,
2014-03-05,41.95,-70.18,Visual,1,Spring,,
2014-03-04,41.96,-70.15,Visual,1,Spring,,
2014-03-03,29.33,-81.05,Visual,1,Spring,,
2014-03-04,41.78,-70.13,Visual,1,Spring,,
2014-03-04,41.77,-70.14,Visual,1,Spring,,
2014-03-04,41.78,-70.26,Visual,1,Spring,,
2014-03-04,41.8,-70.29,Visual,1,Spring,,
2014-03-04,41.8,-70.2,Visual,1,Spring,,
2014-03-04,41.85,-70.2,Visual,1,Spring,,
2014-03-04,41.88,-70.22,Visual,1,Spring,,
2014-03-04,41.9,-70.28,Visual,1,Spring,,
2014-03-04,41.91,-70.17,Visual,1,Spring,,
2014-03-04,41.92,-70.21,Visual,1,Spring,,
2014-03-04,41.93,-70.25,Visual,1,Spring,,
2014-03-04,41.93,-70.23,Visual,1,Spring,,
2014-03-02,29.78,-81.23,Visual,1,Spring,,
2014-03-02,29.02,-80.87,Visual,1,Spring,,
2014-03-02,29.47,-81.04,Visual,1,Spring,,
2014-03-02,30.99,-81.25,Visual,1,Spring,,
2014-03-01,40.88,-70.17,Visual,1,Spring,,
2014-03-01,41.98,-70.2,Visual,1,Spring,,
2014-03-01,41.96,-70.18,Visual,1,Spring,,
2014-03-01,41.97,-70.2,Visual,1,Spring,,
2014-03-01,41.96,-70.27,Visual,1,Spring,,
2014-03-01,41.93,-70.18,Visual,1,Spring,,
2014-03-01,41.94,-70.21,Visual,1,Spring,,
2014-03-01,41.91,-70.26,Visual,1,Spring,,
2014-03-01,41.87,-70.19,Visual,1,Spring,,
2014-03-01,41.81,-70.16,Visual,1,Spring,,
2014-03-01,41.81,-70.22,Visual,1,Spring,,
2014-03-01,41.79,-70.13,Visual,1,Spring,,
2014-02-28,30.03,-81.32,Visual,1,Winter,,
2014-02-27,30.34,-81.39,Visual,1,Winter,,
2014-02-27,30.37,-81.39,Visual,1,Winter,,
2014-02-27,30.49,-81.36,Visual,1,Winter,,
2014-02-27,31.02,-81.21,Visual,1,Winter,,
2014-02-27,31.02,-81.19,Visual,1,Winter,,
2014-02-27,30.52,-81.37,Visual,1,Winter,,
2014-02-26,36.58,-75.92,Visual,1,Winter,,
2014-02-25,30.68,-81.36,Visual,1,Winter,,
2014-02-25,30.54,-81.33,Visual,1,Winter,,
2014-02-25,30.66,-81.33,Visual,1,Winter,,
2014-02-25,30.97,-81.2,Visual,1,Winter,,
2014-02-25,37.15,-75.45,Visual,1,Winter,,
2014-02-25,36.67,-75.51,Visual,1,Winter,,
2014-02-24,30.62,-81.31,Visual,1,Winter,,
2014-02-24,30.64,-81.17,Visual,1,Winter,,
2014-02-24,30.77,-81.11,Visual,1,Winter,,
2014-02-24,30.98,-80.99,Visual,1,Winter,,
2014-02-22,38.44,-74.43,Visual,1,Winter,,
2014-02-23,41.85,-70.18,Visual,1,Winter,,
2014-02-23,41.86,-70.23,Visual,1,Winter,,
2014-02-23,30.73,-81.37,Visual,1,Winter,,
2014-02-23,41.93,-70.26,Visual,1,Winter,,
2014-02-23,41.92,-70.24,Visual,1,Winter,,
2014-02-23,41.93,-70.22,Visual,1,Winter,,
2014-02-23,41.92,-70.25,Visual,1,Winter,,
2014-02-23,41.88,-70.16,Visual,1,Winter,,
2014-02-23,41.8,-70.22,Visual,1,Winter,,
2014-02-23,41.83,-70.32,Visual,1,Winter,,
2014-02-23,41.82,-70.3,Visual,1,Winter,,
2014-02-23,41.76,-70.3,Visual,1,Winter,,
2014-02-22,30.66,-81.15,Visual,1,Winter,,
2014-02-22,30.84,-81.35,Visual,1,Winter,,
2014-02-22,30.82,-81.34,Visual,1,Winter,,
2014-02-22,30.85,-81.34,Visual,1,Winter,,
2014-02-20,42.02,-70.19,Visual,1,Winter,,
2014-02-20,41.98,-70.16,Visual,1,Winter,,
2014-02-20,41.99,-70.18,Visual,1,Winter,,
2014-02-20,41.8,-70.33,Visual,1,Winter,,
2014-02-20,41.82,-70.33,Visual,1,Winter,,
2014-02-20,41.85,-70.33,Visual,1,Winter,,
2014-02-20,41.91,-70.29,Visual,1,Winter,,
2014-02-20,41.93,-70.29,Visual,1,Winter,,
2014-02-20,41.92,-70.18,Visual,1,Winter,,
2014-02-20,41.91,-70.2,Visual,1,Winter,,
2014-02-20,41.92,-70.2,Visual,1,Winter,,
2014-02-20,41.93,-70.27,Visual,1,Winter,,
2014-02-20,41.96,-70.25,Visual,1,Winter,,
2014-02-20,41.96,-70.18,Visual,1,Winter,,
2014-02-20,41.98,-70.25,Visual,1,Winter,,
2014-02-18,30.93,-81.25,Visual,1,Winter,,
2014-02-18,30.92,-81.31,Visual,1,Winter,,
2014-02-18,30.52,-81.23,Visual,1,Winter,,
2014-02-17,30.93,-81.27,Visual,1,Winter,,
2014-02-17,30.89,-81.21,Visual,1,Winter,,
2014-02-17,30.86,-81.15,Visual,1,Winter,,
2014-02-17,30.47,-81.25,Visual,1,Winter,,
2014-02-17,31.46,-80.54,Visual,1,Winter,,
2014-02-17,31.31,-80.55,Visual,1,Winter,,
2014-02-16,30.47,-80.74,Visual,1,Winter,,
2014-02-16,30.55,-81.14,Visual,1,Winter,,
2014-02-16,30.63,-81.11,Visual,1,Winter,,
2014-02-16,30.81,-81.17,Visual,1,Winter,,
2014-02-16,30.81,-81.16,Visual,1,Winter,,
2014-02-16,30.63,-81.12,Visual,1,Winter,,
2014-02-16,30.88,-81.12,Visual,1,Winter,,
2014-02-16,29.75,-81.21,Visual,1,Winter,,
2014-02-16,31.74,-80.58,Visual,1,Winter,,
2014-02-16,31.29,-81.08,Visual,1,Winter,,
2014-02-14,29.69,-81.19,Visual,1,Winter,,
2014-02-14,29.69,-81.21,Visual,1,Winter,,
2014-02-14,29.67,-80.97,Visual,1,Winter,,
2014-02-14,30.75,-81.03,Visual,1,Winter,,
2014-02-14,30.85,-81.11,Visual,1,Winter,,
2014-02-15,42.05,-70.04,Visual,1,Winter,,
2014-02-12,41.78,-70.27,Visual,1,Winter,,
2014-02-12,41.8,-70.28,Visual,1,Winter,,
2014-02-12,41.83,-70.35,Visual,1,Winter,,
2014-02-12,41.93,-70.21,Visual,1,Winter,,
2014-02-12,41.95,-70.22,Visual,1,Winter,,
2014-02-12,41.93,-70.2,Visual,1,Winter,,
2014-02-12,41.97,-70.26,Visual,1,Winter,,
2014-02-12,41.94,-70.21,Visual,1,Winter,,
2014-02-12,41.93,-70.22,Visual,1,Winter,,
2014-02-12,41.96,-70.21,Visual,1,Winter,,
2014-02-12,41.96,-70.2,Visual,1,Winter,,
2014-02-12,41.99,-70.18,Visual,1,Winter,,
2014-02-10,30.7,-81.33,Visual,1,Winter,,
2014-02-10,30.11,-81.17,Visual,1,Winter,,
2014-02-10,30.69,-81.3,Visual,1,Winter,,
2014-02-10,29.35,-81.03,Visual,1,Winter,,
2014-02-10,29.3,-81.03,Visual,1,Winter,,
2014-02-10,30.38,-81.35,Visual,1,Winter,,
2014-02-10,30.69,-81.29,Visual,1,Winter,,
2014-02-10,31.45,-80.97,Visual,1,Winter,,
2014-02-10,30.7,-81.37,Visual,1,Winter,,
2014-02-10,31.89,-80.56,Visual,1,Winter,,
2014-02-09,30.6,-81.31,Visual,1,Winter,,
2014-02-09,30.82,-81.41,Visual,1,Winter,,
2014-02-09,29.44,-81.11,Visual,1,Winter,,
2014-02-09,30.38,-81.29,Visual,1,Winter,,
2014-02-08,41.91,-70.21,Visual,1,Winter,,
2014-02-08,41.82,-70.34,Visual,1,Winter,,
2014-02-08,41.81,-70.38,Visual,1,Winter,,
2014-02-08,41.81,-70.39,Visual,1,Winter,,
2014-02-04,41.91,-70.23,Visual,1,Winter,,
2014-02-04,41.68,-69.58,Visual,1,Winter,,
2014-02-04,41.7,-69.57,Visual,1,Winter,,
2014-02-04,30.49,-81.37,Visual,1,Winter,,
2014-02-03,29.79,-81.25,Visual,1,Winter,,
2014-02-03,30.9,-81.14,Visual,1,Winter,,
2014-02-03,30.74,-81.21,Visual,1,Winter,,
2014-02-03,29.75,-81.24,Visual,1,Winter,,
2014-02-02,30.39,-81.28,Visual,1,Winter,,
2014-02-01,29.8,-81.25,Visual,1,Winter,,
2014-02-01,41.9,-70.19,Visual,1,Winter,,
2014-02-01,29.31,-81.05,Visual,1,Winter,,
2014-01-27,30.45,-81.33,Visual,1,Winter,,
2014-01-27,30.4,-81.33,Visual,1,Winter,,
2014-01-26,31.26,-81.05,Visual,1,Winter,,
2014-01-26,31.33,-80.89,Visual,1,Winter,,
2014-01-26,31.48,-80.96,Visual,1,Winter,,
2014-01-26,31.67,-80.83,Visual,1,Winter,,
2014-01-26,30.67,-81.03,Visual,1,Winter,,
2014-01-26,30.58,-81.02,Visual,1,Winter,,
2014-01-24,42.03,-70.16,Visual,1,Winter,,
2014-01-23,31.7,-80.65,Visual,1,Winter,,
2014-01-23,30.8,-81.28,Visual,1,Winter,,
2014-01-21,27.83,-80.43,Visual,1,Winter,,
2014-01-21,30.31,-81.16,Visual,1,Winter,,
2014-01-20,31.19,-80.9,Visual,1,Winter,,
2014-01-20,31.48,-80.98,Visual,1,Winter,,
2014-01-20,30.26,-81.28,Visual,1,Winter,,
2014-01-20,29.97,-80.81,Visual,1,Winter,,
2014-01-20,30.29,-81.29,Visual,1,Winter,,
2014-01-20,30.49,-81.25,Visual,1,Winter,,
2014-01-20,30.49,-81.23,Visual,1,Winter,,
2014-01-20,30.98,-81.09,Visual,1,Winter,,
2014-01-20,30.97,-81.11,Visual,1,Winter,,
2014-01-19,29.15,-80.95,Visual,1,Winter,,
2014-01-17,41.89,-70.24,Visual,1,Winter,,
2014-01-17,41.89,-70.26,Visual,1,Winter,,
2014-01-17,41.94,-70.35,Visual,1,Winter,,
2014-01-17,41.95,-70.26,Visual,1,Winter,,
2014-01-17,41.96,-70.22,Visual,1,Winter,,
2014-01-17,42.0,-69.93,Visual,1,Winter,,
2014-01-16,31.95,-80.77,Visual,1,Winter,,
2014-01-15,30.58,-81.12,Visual,1,Winter,,
2014-01-16,42.1,-70.26,Visual,1,Winter,,
2014-01-16,41.95,-70.13,Visual,1,Winter,,
2014-01-15,31.25,-81.01,Visual,1,Winter,,
2014-01-15,31.78,-80.82,Visual,1,Winter,,
2014-01-13,30.79,-81.35,Visual,1,Winter,,
2014-01-15,31.67,-80.86,Visual,1,Winter,,
2014-01-15,30.75,-81.23,Visual,1,Winter,,
2014-01-15,30.77,-81.25,Visual,1,Winter,,
2014-01-15,31.05,-81.1,Visual,1,Winter,,
2014-01-15,40.71,-69.98,Visual,1,Winter,,
2014-01-15,40.73,-69.99,Visual,1,Winter,,
2014-01-15,40.71,-69.95,Visual,1,Winter,,
2014-01-15,36.88,-75.87,Visual,1,Winter,,
2014-01-15,36.85,-75.63,Visual,1,Winter,,
2014-01-13,31.87,-80.61,Visual,1,Winter,,
2014-01-13,31.48,-81.05,Visual,1,Winter,,
2014-01-13,31.17,-81.04,Visual,1,Winter,,
2014-01-13,31.17,-81.08,Visual,1,Winter,,
2014-01-12,31.54,-80.94,Visual,1,Winter,,
2014-01-12,31.63,-80.84,Visual,1,Winter,,
2014-01-08,29.67,-81.2,Visual,1,Winter,,
2014-01-10,29.99,-81.21,Visual,1,Winter,,
2014-01-10,29.99,-81.22,Visual,1,Winter,,
2014-01-10,30.25,-81.32,Visual,1,Winter,,
2014-01-10,29.73,-81.06,Visual,1,Winter,,
2014-01-12,30.02,-81.13,Visual,1,Winter,,
2014-01-12,30.69,-81.17,Visual,1,Winter,,
2014-01-10,41.93,-70.38,Visual,1,Winter,,
2014-01-08,38.27,-74.52,Visual,1,Winter,,
2014-01-05,42.03,-70.14,Visual,1,Winter,,
2014-01-05,42.01,-70.13,Visual,1,Winter,,
2014-01-05,41.92,-70.19,Visual,1,Winter,,
2014-01-01,31.26,-81.07,Visual,1,Winter,,
2013-12-31,31.49,-81.0,Visual,1,Winter,,
2013-12-31,31.07,-80.89,Visual,1,Winter,,
2013-12-31,30.81,-81.27,Visual,1,Winter,,
2013-12-30,31.33,-80.95,Visual,1,Winter,,
2013-12-30,31.08,-81.02,Visual,1,Winter,,
2013-12-30,30.42,-81.34,Visual,1,Winter,,
2013-12-29,42.08,-70.22,Visual,1,Winter,,
2013-12-29,41.94,-70.12,Visual,1,Winter,,
2013-12-29,41.95,-70.12,Visual,1,Winter,,
2013-12-25,30.28,-81.38,Visual,1,Winter,,
2013-12-23,42.01,-70.12,Visual,1,Winter,,
2013-12-23,41.9,-70.19,Visual,1,Winter,,
2013-12-21,31.89,-80.53,Visual,1,Winter,,
2013-12-21,30.45,-81.26,Visual,1,Winter,,
2013-12-21,30.87,-81.16,Visual,1,Winter,,
2013-12-20,31.28,-81.14,Visual,1,Winter,,
2013-12-20,31.38,-80.86,Visual,1,Winter,,
2013-12-20,30.69,-81.4,Visual,1,Winter,,
2013-12-19,33.82,-78.08,Visual,1,Winter,,
2013-12-17,31.29,-80.96,Visual,1,Winter,,
2013-12-17,31.61,-81.0,Visual,1,Winter,,
2013-12-16,30.65,-81.14,Visual,1,Winter,,
2013-03-22,36.82,-75.25,Visual,1,Spring,,
2013-12-02,30.66,-80.93,Visual,1,Winter,,
2013-11-28,41.85,-69.93,Visual,1,Fall,,
2013-12-02,39.31,-73.98,Visual,1,Winter,,
2013-11-15,30.38,-81.3,Visual,1,Fall,,
2013-11-05,46.73,-62.06,Visual,1,Fall,,
2013-10-29,44.75,-66.43,Visual,1,Fall,,
2013-11-04,36.94,-75.97,Visual,1,Fall,,
2013-11-02,42.97,-69.14,Visual,1,Fall,,
2013-10-31,42.04,-70.16,Visual,1,Fall,,
2013-10-28,41.99,-69.97,Visual,1,Fall,,
2013-08-26,46.72,-60.33,Visual,1,Summer,,
2013-10-22,41.75,-70.28,Visual,1,Fall,,
2013-10-09,42.85,-70.81,Visual,1,Fall,,
2013-10-16,42.04,-70.13,Visual,1,Fall,,
2013-10-11,42.78,-70.37,Visual,1,Fall,,
2013-10-10,44.06,-67.85,Visual,1,Fall,,
2013-10-09,44.4,-66.21,Visual,1,Fall,,
2013-09-29,43.94,-68.12,Visual,1,Fall,,
2013-09-29,42.81,-65.68,Visual,1,Fall,,
2013-09-29,42.82,-65.6,Visual,1,Fall,,
2013-09-29,42.8,-65.5,Visual,1,Fall,,
2013-09-28,44.26,-67.04,Visual,1,Fall,,
2013-09-28,44.27,-66.96,Visual,1,Fall,,
2013-05-15,47.2,-60.07,Visual,1,Spring,,
2013-06-30,48.46,-64.0,Visual,1,Summer,,
2013-09-14,44.46,-66.64,Visual,1,Fall,,
2013-09-05,44.68,-66.38,Visual,1,Fall,,
2013-07-16,44.53,-66.57,Visual,1,Summer,,
2013-07-05,48.44,-64.06,Visual,1,Summer,,
2013-06-30,45.65,-61.43,Visual,1,Summer,,
2013-09-20,42.83,-65.37,Visual,1,Fall,,
2013-09-19,43.9,-68.0,Visual,1,Fall,,
2013-09-19,42.97,-65.27,Visual,1,Fall,,
2013-08-25,46.66,-61.18,Visual,1,Summer,,
2013-08-25,46.65,-61.11,Visual,1,Summer,,
2013-08-25,44.41,-66.22,Visual,1,Summer,,
2013-08-25,44.27,-66.34,Visual,1,Summer,,
2013-08-30,44.62,-66.62,Visual,1,Summer,,
2013-09-01,42.07,-66.23,Visual,1,Fall,,
2013-09-01,42.13,-66.12,Visual,1,Fall,,
2013-08-19,43.12,-64.58,Visual,1,Summer,,
2013-09-02,41.28,-71.84,Visual,1,Fall,,
2013-09-09,42.19,-70.02,Visual,1,Fall,,
2013-09-09,42.28,-69.99,Visual,1,Fall,,
2013-09-06,44.67,-66.4,Visual,1,Fall,,
2013-08-26,47.04,-60.42,Visual,1,Summer,,
2013-08-26,44.3,-66.36,Visual,1,Summer,,
2013-08-25,42.19,-66.29,Visual,1,Summer,,
2013-08-16,41.85,-66.09,Visual,1,Summer,,
2013-08-16,41.86,-66.06,Visual,1,Summer,,
2013-08-28,44.93,-67.0,Visual,1,Summer,,
2013-08-25,42.12,-69.86,Visual,1,Summer,,
2012-11-05,51.69,-55.46,Visual,1,Fall,,
2012-10-20,50.61,-52.68,Visual,1,Fall,,
2013-08-20,44.87,-66.39,Visual,1,Summer,,
2013-08-19,43.3,-64.73,Visual,1,Summer,,
2013-08-17,42.75,-65.65,Visual,1,Summer,,
2013-08-02,41.11,-69.01,Visual,1,Summer,,
2013-07-22,42.04,-70.17,Visual,1,Summer,,
2013-07-17,36.66,-75.19,Visual,1,Summer,,
2013-07-12,36.63,-74.85,Visual,1,Summer,,
2013-07-10,39.99,-71.32,Visual,1,Summer,,
2013-07-10,39.98,-71.33,Visual,1,Summer,,
2013-07-08,42.73,-67.54,Visual,1,Summer,,
2013-07-07,41.5,-70.5,Visual,1,Summer,,
2013-07-07,39.97,-71.41,Visual,1,Summer,,
2013-07-07,41.46,-68.98,Visual,1,Summer,,
2013-03-22,36.9,-75.25,Visual,1,Spring,,
2013-06-14,44.02,-67.27,Visual,1,Summer,,
2013-06-10,40.04,-70.6,Visual,1,Summer,,
2013-06-10,40.01,-70.61,Visual,1,Summer,,
2013-06-10,39.97,-70.78,Visual,1,Summer,,
2013-06-10,36.64,-75.79,Visual,1,Summer,,
2013-06-05,41.12,-69.13,Visual,1,Summer,,
2013-05-31,41.4,-68.7,Visual,1,Spring,,
2013-05-29,41.21,-68.92,Visual,1,Spring,,
2013-05-27,41.48,-69.31,Visual,1,Spring,,
2013-05-27,41.91,-68.21,Visual,1,Spring,,
2013-05-20,41.28,-69.27,Visual,1,Spring,,
2013-05-18,41.39,-69.14,Visual,1,Spring,,
2013-05-18,41.8,-68.66,Visual,1,Spring,,
2013-05-18,41.34,-69.35,Visual,1,Spring,,
2013-05-18,41.41,-69.21,Visual,1,Spring,,
2013-05-18,41.78,-68.68,Visual,1,Spring,,
2013-05-18,41.77,-68.71,Visual,1,Spring,,
2013-05-18,41.86,-69.67,Visual,1,Spring,,
2013-05-14,42.03,-69.63,Visual,1,Spring,,
2013-05-09,41.36,-69.33,Visual,1,Spring,,
2013-05-08,41.28,-69.28,Visual,1,Spring,,
2013-05-08,41.28,-69.26,Visual,1,Spring,,
2013-05-08,41.33,-68.93,Visual,1,Spring,,
2013-05-05,42.16,-69.09,Visual,1,Spring,,
2013-05-05,42.14,-69.15,Visual,1,Spring,,
2013-05-07,43.3,-69.0,Visual,1,Spring,,
2013-05-07,42.15,-70.31,Visual,1,Spring,,
2013-05-07,42.16,-70.32,Visual,1,Spring,,
2013-05-05,43.31,-70.53,Visual,1,Spring,,
2013-05-04,42.72,-70.42,Visual,1,Spring,,
2013-05-05,42.09,-69.92,Visual,1,Spring,,
2013-05-05,42.09,-70.19,Visual,1,Spring,,
2013-05-03,42.06,-70.26,Visual,1,Spring,,
2013-05-03,42.02,-70.21,Visual,1,Spring,,
2013-05-01,41.67,-69.92,Visual,1,Spring,,
2013-05-02,42.06,-70.25,Visual,1,Spring,,
2013-05-02,41.57,-69.32,Visual,1,Spring,,
2013-05-02,41.56,-69.33,Visual,1,Spring,,
2013-05-02,41.42,-69.41,Visual,1,Spring,,
2013-05-02,41.27,-69.07,Visual,1,Spring,,
2013-05-02,41.45,-68.58,Visual,1,Spring,,
2013-05-02,40.97,-69.38,Visual,1,Spring,,
2013-05-01,42.72,-70.32,Visual,1,Spring,,
2013-05-01,42.77,-70.36,Visual,1,Spring,,
2013-05-01,41.81,-70.18,Visual,1,Spring,,
2013-05-01,41.84,-70.24,Visual,1,Spring,,
2013-05-01,41.84,-70.23,Visual,1,Spring,,
2013-05-01,41.95,-70.28,Visual,1,Spring,,
2013-05-01,41.98,-70.13,Visual,1,Spring,,
2013-05-01,41.98,-70.18,Visual,1,Spring,,
2013-05-01,41.97,-70.31,Visual,1,Spring,,
2013-05-01,42.02,-70.39,Visual,1,Spring,,
2013-05-01,42.01,-70.33,Visual,1,Spring,,
2013-05-01,42.0,-70.33,Visual,1,Spring,,
2013-05-01,42.01,-70.16,Visual,1,Spring,,
2013-05-01,42.02,-70.24,Visual,1,Spring,,
2013-05-01,42.05,-70.25,Visual,1,Spring,,
2013-05-01,42.02,-70.28,Visual,1,Spring,,
2013-05-01,42.05,-70.26,Visual,1,Spring,,
2013-05-01,42.01,-70.32,Visual,1,Spring,,
2013-05-01,42.02,-70.33,Visual,1,Spring,,
2013-05-01,42.04,-70.39,Visual,1,Spring,,
2013-05-01,42.07,-70.38,Visual,1,Spring,,
2013-05-01,42.06,-70.29,Visual,1,Spring,,
2013-05-01,42.06,-70.28,Visual,1,Spring,,
2013-05-01,42.07,-70.25,Visual,1,Spring,,
2013-05-01,42.06,-70.25,Visual,1,Spring,,
2013-05-01,42.09,-70.24,Visual,1,Spring,,
2013-05-01,42.08,-70.25,Visual,1,Spring,,
2013-05-01,42.07,-70.24,Visual,1,Spring,,
2013-05-01,42.15,-70.28,Visual,1,Spring,,
2013-05-01,42.06,-70.3,Visual,1,Spring,,
2013-05-01,42.07,-70.3,Visual,1,Spring,,
2013-05-01,42.11,-70.44,Visual,1,Spring,,
2013-05-01,42.1,-70.43,Visual,1,Spring,,
2013-05-01,42.11,-70.25,Visual,1,Spring,,
2013-05-01,42.08,-70.23,Visual,1,Spring,,
2013-05-01,42.09,-70.2,Visual,1,Spring,,
2013-05-01,42.09,-70.21,Visual,1,Spring,,
2013-05-01,42.1,-70.21,Visual,1,Spring,,
2013-05-01,42.12,-70.14,Visual,1,Spring,,
2013-05-01,42.05,-70.0,Visual,1,Spring,,
2013-05-01,42.04,-70.0,Visual,1,Spring,,
2013-05-01,42.03,-70.17,Visual,1,Spring,,
2013-05-01,42.02,-70.18,Visual,1,Spring,,
2013-05-01,42.02,-70.21,Visual,1,Spring,,
2013-05-01,42.02,-70.16,Visual,1,Spring,,
2013-05-01,42.03,-70.16,Visual,1,Spring,,
2013-04-30,41.79,-69.9,Visual,1,Spring,,
2013-04-30,42.03,-70.52,Visual,1,Spring,,
2013-04-30,42.03,-70.23,Visual,1,Spring,,
2013-04-30,42.04,-70.17,Visual,1,Spring,,
2013-04-29,41.67,-69.89,Visual,1,Spring,,
2013-04-29,41.81,-69.88,Visual,1,Spring,,
2013-04-29,41.97,-69.96,Visual,1,Spring,,
2013-04-29,42.01,-69.98,Visual,1,Spring,,
2013-04-29,42.09,-70.59,Visual,1,Spring,,
2013-04-29,42.1,-70.59,Visual,1,Spring,,
2013-04-29,42.11,-70.59,Visual,1,Spring,,
2013-04-29,42.12,-70.58,Visual,1,Spring,,
2013-04-29,42.1,-70.63,Visual,1,Spring,,
2013-04-29,42.08,-70.57,Visual,1,Spring,,
2013-04-29,42.08,-70.3,Visual,1,Spring,,
2013-04-29,42.08,-70.27,Visual,1,Spring,,
2013-04-29,42.07,-70.61,Visual,1,Spring,,
2013-04-29,42.04,-70.63,Visual,1,Spring,,
2013-04-29,42.04,-70.61,Visual,1,Spring,,
2013-04-29,42.04,-70.57,Visual,1,Spring,,
2013-04-29,42.03,-70.58,Visual,1,Spring,,
2013-04-29,42.02,-70.22,Visual,1,Spring,,
2013-04-29,42.03,-70.26,Visual,1,Spring,,
2013-04-29,42.01,-70.53,Visual,1,Spring,,
2013-04-29,42.01,-70.55,Visual,1,Spring,,
2013-04-29,42.0,-70.55,Visual,1,Spring,,
2013-04-29,42.01,-70.56,Visual,1,Spring,,
2013-04-29,42.01,-70.57,Visual,1,Spring,,
2013-04-29,42.0,-70.57,Visual,1,Spring,,
2013-04-29,42.02,-70.57,Visual,1,Spring,,
2013-04-29,41.99,-70.53,Visual,1,Spring,,
2013-04-29,42.0,-70.53,Visual,1,Spring,,
2013-04-29,41.99,-70.51,Visual,1,Spring,,
2013-04-29,41.98,-70.37,Visual,1,Spring,,
2013-04-29,41.96,-70.37,Visual,1,Spring,,
2013-04-29,41.96,-70.39,Visual,1,Spring,,
2013-04-29,41.98,-70.44,Visual,1,Spring,,
2013-04-29,41.96,-70.5,Visual,1,Spring,,
2013-04-29,41.96,-70.52,Visual,1,Spring,,
2013-04-29,41.97,-70.56,Visual,1,Spring,,
2013-04-29,41.99,-70.58,Visual,1,Spring,,
2013-04-29,41.96,-70.56,Visual,1,Spring,,
2013-04-29,41.97,-70.57,Visual,1,Spring,,
2013-04-29,41.96,-70.59,Visual,1,Spring,,
2013-04-29,41.93,-70.53,Visual,1,Spring,,
2013-04-29,41.94,-70.53,Visual,1,Spring,,
2013-04-29,41.93,-70.54,Visual,1,Spring,,
2013-04-29,41.94,-70.54,Visual,1,Spring,,
2013-04-29,41.94,-70.55,Visual,1,Spring,,
2013-04-29,41.93,-70.52,Visual,1,Spring,,
2013-04-29,41.91,-70.44,Visual,1,Spring,,
2013-04-29,41.93,-70.49,Visual,1,Spring,,
2013-04-29,41.92,-70.47,Visual,1,Spring,,
2013-04-29,41.89,-70.46,Visual,1,Spring,,
2013-04-29,41.92,-70.52,Visual,1,Spring,,
2013-04-29,42.01,-70.54,Visual,1,Spring,,
2013-04-29,42.0,-70.52,Visual,1,Spring,,
2013-04-29,41.99,-70.52,Visual,1,Spring,,
2013-04-29,41.99,-70.57,Visual,1,Spring,,
2013-04-29,41.97,-70.55,Visual,1,Spring,,
2013-04-29,41.95,-70.54,Visual,1,Spring,,
2013-04-29,42.02,-70.19,Visual,1,Spring,,
2013-04-29,42.05,-70.63,Visual,1,Spring,,
2013-04-29,42.6,-70.48,Visual,1,Spring,,
2013-04-29,42.33,-70.77,Visual,1,Spring,,
2013-04-29,42.0,-70.58,Visual,1,Spring,,
2013-04-29,41.92,-69.98,Visual,1,Spring,,
2013-04-29,42.04,-70.23,Visual,1,Spring,,
2013-04-29,42.08,-70.62,Visual,1,Spring,,
2013-04-27,41.9,-70.33,Visual,1,Spring,,
2013-04-28,42.05,-70.64,Visual,1,Spring,,
2013-04-28,41.97,-70.55,Visual,1,Spring,,
2013-04-28,41.99,-70.57,Visual,1,Spring,,
2013-04-28,42.02,-70.21,Visual,1,Spring,,
2013-04-28,41.64,-69.92,Visual,1,Spring,,
2013-04-28,41.38,-70.05,Visual,1,Spring,,
2013-04-28,41.95,-70.53,Visual,1,Spring,,
2013-04-28,42.0,-70.61,Visual,1,Spring,,
2013-04-28,41.99,-70.54,Visual,1,Spring,,
2013-04-28,42.0,-70.59,Visual,1,Spring,,
2013-04-27,41.78,-70.5,Visual,1,Spring,,
2013-04-27,41.59,-69.62,Visual,1,Spring,,
2013-04-27,41.69,-69.85,Visual,1,Spring,,
2013-04-27,41.69,-69.84,Visual,1,Spring,,
2013-04-27,41.83,-69.75,Visual,1,Spring,,
2013-04-27,41.84,-69.8,Visual,1,Spring,,
2013-04-27,41.88,-69.91,Visual,1,Spring,,
2013-04-27,41.92,-69.91,Visual,1,Spring,,
2013-04-27,42.05,-70.02,Visual,1,Spring,,
2013-04-27,42.04,-70.02,Visual,1,Spring,,
2013-04-27,42.14,-70.21,Visual,1,Spring,,
2013-04-27,42.14,-70.24,Visual,1,Spring,,
2013-04-27,42.14,-70.31,Visual,1,Spring,,
2013-04-27,42.08,-70.24,Visual,1,Spring,,
2013-04-27,41.96,-70.23,Visual,1,Spring,,
2013-04-27,41.87,-70.32,Visual,1,Spring,,
2013-04-27,41.86,-70.33,Visual,1,Spring,,
2013-04-27,41.89,-70.5,Visual,1,Spring,,
2013-04-27,41.88,-70.5,Visual,1,Spring,,
2013-04-27,41.82,-70.51,Visual,1,Spring,,
2013-04-27,41.83,-70.48,Visual,1,Spring,,
2013-04-27,41.89,-70.51,Visual,1,Spring,,
2013-04-27,41.88,-70.52,Visual,1,Spring,,
2013-04-27,41.92,-70.31,Visual,1,Spring,,
2013-04-27,41.93,-70.23,Visual,1,Spring,,
2013-04-27,42.04,-70.63,Visual,1,Spring,,
2013-04-27,41.8,-70.5,Visual,1,Spring,,
2013-04-27,41.9,-70.5,Visual,1,Spring,,
2013-04-27,41.77,-70.48,Visual,1,Spring,,
2013-04-26,42.0,-70.58,Visual,1,Spring,,
2013-04-26,41.92,-70.52,Visual,1,Spring,,
2013-04-26,41.76,-70.43,Visual,1,Spring,,
2013-04-26,41.85,-70.47,Visual,1,Spring,,
2013-04-26,42.0,-70.25,Visual,1,Spring,,
2013-04-26,42.01,-70.59,Visual,1,Spring,,
2013-04-26,42.06,-70.02,Visual,1,Spring,,
2013-04-26,42.11,-70.31,Visual,1,Spring,,
2013-04-26,42.08,-70.26,Visual,1,Spring,,
2013-04-26,42.06,-70.27,Visual,1,Spring,,
2013-04-26,42.06,-70.62,Visual,1,Spring,,
2013-04-26,42.01,-70.25,Visual,1,Spring,,
2013-04-26,42.01,-70.3,Visual,1,Spring,,
2013-04-26,42.0,-70.59,Visual,1,Spring,,
2013-04-26,41.97,-70.58,Visual,1,Spring,,
2013-04-26,41.97,-70.26,Visual,1,Spring,,
2013-04-26,41.96,-70.26,Visual,1,Spring,,
2013-04-26,41.95,-70.26,Visual,1,Spring,,
2013-04-26,41.97,-70.28,Visual,1,Spring,,
2013-04-26,41.97,-70.34,Visual,1,Spring,,
2013-04-26,41.94,-70.39,Visual,1,Spring,,
2013-04-26,41.94,-70.29,Visual,1,Spring,,
2013-04-26,41.92,-70.28,Visual,1,Spring,,
2013-04-26,41.92,-70.42,Visual,1,Spring,,
2013-04-26,41.91,-70.42,Visual,1,Spring,,
2013-04-26,41.92,-70.43,Visual,1,Spring,,
2013-04-26,41.89,-70.5,Visual,1,Spring,,
2013-04-26,41.88,-70.49,Visual,1,Spring,,
2013-04-26,41.87,-70.44,Visual,1,Spring,,
2013-04-26,41.88,-70.45,Visual,1,Spring,,
2013-04-26,41.88,-70.46,Visual,1,Spring,,
2013-04-26,41.88,-70.47,Visual,1,Spring,,
2013-04-26,41.89,-70.47,Visual,1,Spring,,
2013-04-26,41.9,-70.29,Visual,1,Spring,,
2013-04-26,41.89,-70.29,Visual,1,Spring,,
2013-04-26,41.89,-70.28,Visual,1,Spring,,
2013-04-26,41.86,-70.45,Visual,1,Spring,,
2013-04-26,41.84,-70.48,Visual,1,Spring,,
2013-04-26,41.86,-70.47,Visual,1,Spring,,
2013-04-26,41.87,-70.49,Visual,1,Spring,,
2013-04-26,41.86,-70.48,Visual,1,Spring,,
2013-04-26,41.83,-70.47,Visual,1,Spring,,
2013-04-26,41.84,-70.42,Visual,1,Spring,,
2013-04-26,41.85,-70.42,Visual,1,Spring,,
2013-04-26,41.84,-70.41,Visual,1,Spring,,
2013-04-26,41.85,-70.41,Visual,1,Spring,,
2013-04-26,41.85,-70.4,Visual,1,Spring,,
2013-04-26,41.83,-70.23,Visual,1,Spring,,
2013-04-26,41.79,-70.34,Visual,1,Spring,,
2013-04-26,41.79,-70.37,Visual,1,Spring,,
2013-04-26,41.82,-70.42,Visual,1,Spring,,
2013-04-26,41.8,-70.41,Visual,1,Spring,,
2013-04-26,41.81,-70.44,Visual,1,Spring,,
2013-04-26,41.78,-70.41,Visual,1,Spring,,
2013-04-26,41.79,-70.32,Visual,1,Spring,,
2013-04-26,41.77,-70.29,Visual,1,Spring,,
2013-04-26,41.76,-70.31,Visual,1,Spring,,
2013-04-26,41.77,-70.3,Visual,1,Spring,,
2013-04-26,41.76,-70.4,Visual,1,Spring,,
2013-04-26,41.76,-70.42,Visual,1,Spring,,
2013-04-26,41.87,-70.42,Visual,1,Spring,,
2013-04-26,41.87,-70.43,Visual,1,Spring,,
2013-04-26,41.88,-70.44,Visual,1,Spring,,
2013-04-26,41.89,-70.46,Visual,1,Spring,,
2013-04-26,41.81,-70.52,Visual,1,Spring,,
2013-04-26,41.82,-70.52,Visual,1,Spring,,
2013-04-26,41.82,-70.51,Visual,1,Spring,,
2013-04-26,41.82,-70.5,Visual,1,Spring,,
2013-04-26,41.83,-70.49,Visual,1,Spring,,
2013-04-26,41.83,-70.48,Visual,1,Spring,,
2013-04-26,41.84,-70.46,Visual,1,Spring,,
2013-04-26,41.84,-70.44,Visual,1,Spring,,
2013-04-26,41.86,-70.4,Visual,1,Spring,,
2013-04-26,41.87,-70.36,Visual,1,Spring,,
2013-04-26,41.88,-70.34,Visual,1,Spring,,
2013-04-26,41.89,-70.33,Visual,1,Spring,,
2013-04-26,41.93,-70.23,Visual,1,Spring,,
2013-04-26,41.95,-70.33,Visual,1,Spring,,
2013-04-26,41.94,-70.36,Visual,1,Spring,,
2013-04-26,41.92,-70.39,Visual,1,Spring,,
2013-04-26,41.87,-70.48,Visual,1,Spring,,
2013-04-26,41.91,-70.49,Visual,1,Spring,,
2013-04-26,41.86,-70.49,Visual,1,Spring,,
2013-04-26,42.03,-70.15,Visual,1,Spring,,
2013-04-26,42.02,-70.14,Visual,1,Spring,,
2013-04-25,41.78,-70.42,Visual,1,Spring,,
2013-04-25,42.0,-70.2,Visual,1,Spring,,
2013-04-24,42.01,-70.59,Visual,1,Spring,,
2013-04-25,42.05,-70.24,Visual,1,Spring,,
2013-04-24,42.03,-70.23,Visual,1,Spring,,
2013-04-22,42.02,-70.18,Visual,1,Spring,,
2013-04-22,42.18,-70.66,Visual,1,Spring,,
2013-04-21,42.03,-70.16,Visual,1,Spring,,
2013-04-21,41.94,-70.44,Visual,1,Spring,,
2013-04-21,41.97,-70.3,Visual,1,Spring,,
2013-04-21,41.95,-70.26,Visual,1,Spring,,
2013-04-21,42.0,-70.17,Visual,1,Spring,,
2013-04-21,41.96,-70.2,Visual,1,Spring,,
2013-04-21,41.97,-70.19,Visual,1,Spring,,
2013-04-21,41.98,-70.22,Visual,1,Spring,,
2013-04-21,41.97,-70.22,Visual,1,Spring,,
2013-04-21,41.99,-70.3,Visual,1,Spring,,
2013-04-21,41.99,-70.44,Visual,1,Spring,,
2013-04-21,41.98,-70.44,Visual,1,Spring,,
2013-04-21,42.0,-70.45,Visual,1,Spring,,
2013-04-21,41.99,-70.18,Visual,1,Spring,,
2013-04-21,42.02,-70.19,Visual,1,Spring,,
2013-04-21,42.02,-70.17,Visual,1,Spring,,
2013-04-21,42.05,-70.39,Visual,1,Spring,,
2013-04-21,42.04,-70.58,Visual,1,Spring,,
2013-04-21,42.05,-70.52,Visual,1,Spring,,
2013-04-21,42.06,-70.51,Visual,1,Spring,,
2013-04-21,42.09,-70.59,Visual,1,Spring,,
2013-04-21,42.08,-70.59,Visual,1,Spring,,
2013-04-21,42.09,-70.58,Visual,1,Spring,,
2013-04-21,42.12,-70.23,Visual,1,Spring,,
2013-04-21,41.7,-69.87,Visual,1,Spring,,
2013-04-21,42.0,-70.16,Visual,1,Spring,,
2013-04-20,41.89,-70.26,Visual,1,Spring,,
2013-04-20,41.9,-70.27,Visual,1,Spring,,
2013-04-20,41.89,-70.27,Visual,1,Spring,,
2013-04-20,42.0,-70.18,Visual,1,Spring,,
2013-04-19,41.98,-70.19,Visual,1,Spring,,
2013-04-18,42.1,-70.18,Visual,1,Spring,,
2013-04-18,41.89,-70.31,Visual,1,Spring,,
2013-04-18,41.88,-70.31,Visual,1,Spring,,
2013-04-18,41.86,-70.33,Visual,1,Spring,,
2013-04-18,41.81,-70.42,Visual,1,Spring,,
2013-04-18,41.81,-70.41,Visual,1,Spring,,
2013-04-18,41.82,-70.39,Visual,1,Spring,,
2013-04-18,41.79,-70.48,Visual,1,Spring,,
2013-04-18,41.79,-70.4,Visual,1,Spring,,
2013-04-18,41.79,-70.43,Visual,1,Spring,,
2013-04-18,41.85,-70.38,Visual,1,Spring,,
2013-04-18,41.85,-70.39,Visual,1,Spring,,
2013-04-18,41.86,-70.4,Visual,1,Spring,,
2013-04-18,41.86,-70.41,Visual,1,Spring,,
2013-04-18,41.85,-70.42,Visual,1,Spring,,
2013-04-18,41.87,-70.43,Visual,1,Spring,,
2013-04-18,41.87,-70.42,Visual,1,Spring,,
2013-04-18,41.88,-70.44,Visual,1,Spring,,
2013-04-18,41.89,-70.45,Visual,1,Spring,,
2013-04-18,41.89,-70.46,Visual,1,Spring,,
2013-04-18,41.9,-70.47,Visual,1,Spring,,
2013-04-18,41.88,-70.5,Visual,1,Spring,,
2013-04-18,41.85,-70.41,Visual,1,Spring,,
2013-04-18,41.89,-70.33,Visual,1,Spring,,
2013-04-18,41.9,-70.31,Visual,1,Spring,,
2013-04-18,40.58,-70.8,Visual,1,Spring,,
2013-04-18,41.86,-70.34,Visual,1,Spring,,
2013-04-18,41.83,-70.3,Visual,1,Spring,,
2013-04-18,41.8,-70.29,Visual,1,Spring,,
2013-04-18,41.79,-70.29,Visual,1,Spring,,
2013-04-18,41.59,-69.56,Visual,1,Spring,,
2013-04-18,41.68,-69.89,Visual,1,Spring,,
2013-04-18,41.67,-69.9,Visual,1,Spring,,
2013-04-18,41.71,-69.83,Visual,1,Spring,,
2013-04-18,41.71,-69.84,Visual,1,Spring,,
2013-04-18,41.8,-69.88,Visual,1,Spring,,
2013-04-18,42.11,-70.03,Visual,1,Spring,,
2013-04-18,42.1,-70.04,Visual,1,Spring,,
2013-04-18,42.12,-70.04,Visual,1,Spring,,
2013-04-18,42.12,-70.29,Visual,1,Spring,,
2013-04-17,41.95,-70.32,Visual,1,Spring,,
2013-04-17,41.78,-70.27,Visual,1,Spring,,
2013-04-17,41.77,-70.27,Visual,1,Spring,,
2013-04-18,41.83,-70.45,Visual,1,Spring,,
2013-04-18,41.87,-70.48,Visual,1,Spring,,
2013-04-17,41.81,-70.45,Visual,1,Spring,,
2013-04-17,41.81,-70.44,Visual,1,Spring,,
2013-04-17,41.81,-70.42,Visual,1,Spring,,
2013-04-17,41.79,-70.42,Visual,1,Spring,,
2013-04-17,41.8,-70.42,Visual,1,Spring,,
2013-04-17,41.81,-70.4,Visual,1,Spring,,
2013-04-17,41.82,-70.35,Visual,1,Spring,,
2013-04-17,41.8,-70.29,Visual,1,Spring,,
2013-04-17,41.81,-70.18,Visual,1,Spring,,
2013-04-17,41.84,-70.27,Visual,1,Spring,,
2013-04-17,41.83,-70.41,Visual,1,Spring,,
2013-04-17,41.83,-70.5,Visual,1,Spring,,
2013-04-17,41.83,-70.42,Visual,1,Spring,,
2013-04-17,41.85,-70.49,Visual,1,Spring,,
2013-04-17,41.84,-70.46,Visual,1,Spring,,
2013-04-17,41.85,-70.44,Visual,1,Spring,,
2013-04-17,41.86,-70.31,Visual,1,Spring,,
2013-04-17,41.88,-70.15,Visual,1,Spring,,
2013-04-17,41.88,-70.43,Visual,1,Spring,,
2013-04-17,41.9,-70.15,Visual,1,Spring,,
2013-04-17,41.92,-70.39,Visual,1,Spring,,
2013-04-17,41.94,-70.42,Visual,1,Spring,,
2013-04-17,41.91,-70.42,Visual,1,Spring,,
2013-04-17,41.95,-70.27,Visual,1,Spring,,
2013-04-17,42.05,-70.49,Visual,1,Spring,,
2013-04-17,42.09,-70.23,Visual,1,Spring,,
2013-04-17,41.79,-69.86,Visual,1,Spring,,
2013-04-16,42.02,-70.28,Visual,1,Spring,,
2013-04-16,41.88,-70.53,Visual,1,Spring,,
2013-04-15,42.05,-70.37,Visual,1,Spring,,
2013-04-15,42.08,-70.42,Visual,1,Spring,,
2013-04-15,42.08,-70.43,Visual,1,Spring,,
2013-04-15,41.83,-70.33,Visual,1,Spring,,
2013-04-15,41.83,-70.35,Visual,1,Spring,,
2013-04-15,41.79,-70.13,Visual,1,Spring,,
2013-04-15,42.04,-70.24,Visual,1,Spring,,
2013-04-15,41.74,-70.38,Visual,1,Spring,,
2013-04-15,41.25,-70.16,Visual,1,Spring,,
2013-04-15,41.91,-70.5,Visual,1,Spring,,
2013-04-15,41.7,-69.86,Visual,1,Spring,,
2013-04-15,41.92,-69.95,Visual,1,Spring,,
2013-04-15,42.01,-69.98,Visual,1,Spring,,
2013-04-15,42.11,-70.14,Visual,1,Spring,,
2013-04-15,42.05,-70.31,Visual,1,Spring,,
2013-04-15,42.03,-70.32,Visual,1,Spring,,
2013-04-15,42.04,-70.4,Visual,1,Spring,,
2013-04-15,42.02,-70.59,Visual,1,Spring,,
2013-04-15,41.98,-70.31,Visual,1,Spring,,
2013-04-15,41.95,-70.44,Visual,1,Spring,,
2013-04-15,41.93,-70.45,Visual,1,Spring,,
2013-04-15,41.92,-70.44,Visual,1,Spring,,
2013-04-15,41.89,-70.47,Visual,1,Spring,,
2013-04-15,41.87,-70.43,Visual,1,Spring,,
2013-04-15,41.84,-70.44,Visual,1,Spring,,
2013-04-15,41.83,-70.41,Visual,1,Spring,,
2013-04-15,41.84,-70.4,Visual,1,Spring,,
2013-04-15,41.83,-70.34,Visual,1,Spring,,
2013-04-15,41.84,-70.34,Visual,1,Spring,,
2013-04-15,41.84,-70.45,Visual,1,Spring,,
2013-04-15,41.84,-70.43,Visual,1,Spring,,
2013-04-15,41.82,-70.43,Visual,1,Spring,,
2013-04-15,41.82,-70.44,Visual,1,Spring,,
2013-04-15,41.79,-70.46,Visual,1,Spring,,
2013-04-15,41.8,-70.47,Visual,1,Spring,,
2013-04-15,41.8,-70.46,Visual,1,Spring,,
2013-04-15,41.77,-70.42,Visual,1,Spring,,
2013-04-15,41.78,-70.42,Visual,1,Spring,,
2013-04-15,41.78,-70.43,Visual,1,Spring,,
2013-04-15,41.79,-70.43,Visual,1,Spring,,
2013-04-15,41.75,-70.37,Visual,1,Spring,,
2013-04-15,41.76,-70.37,Visual,1,Spring,,
2013-04-15,41.76,-70.38,Visual,1,Spring,,
2013-04-11,43.42,-65.1,Visual,1,Spring,,
2013-04-14,42.13,-70.32,Visual,1,Spring,,
2013-04-14,42.07,-70.31,Visual,1,Spring,,
2013-04-14,42.06,-70.39,Visual,1,Spring,,
2013-04-14,41.88,-70.46,Visual,1,Spring,,
2013-04-14,42.12,-70.25,Visual,1,Spring,,
2013-04-14,42.09,-70.25,Visual,1,Spring,,
2013-04-14,42.03,-70.23,Visual,1,Spring,,
2013-04-14,41.8,-70.44,Visual,1,Spring,,
2013-04-14,41.78,-70.47,Visual,1,Spring,,
2013-04-14,41.83,-70.47,Visual,1,Spring,,
2013-04-14,41.58,-69.53,Visual,1,Spring,,
2013-04-14,41.78,-70.42,Visual,1,Spring,,
2013-04-13,41.87,-70.48,Visual,1,Spring,,
2013-04-11,41.9,-70.48,Visual,1,Spring,,
2013-04-11,41.95,-70.42,Visual,1,Spring,,
2013-04-10,42.08,-70.1,Visual,1,Spring,,
2013-04-10,42.06,-70.48,Visual,1,Spring,,
2013-04-10,42.02,-70.39,Visual,1,Spring,,
2013-04-10,42.05,-70.27,Visual,1,Spring,,
2013-04-10,42.03,-70.27,Visual,1,Spring,,
2013-04-10,42.03,-70.22,Visual,1,Spring,,
2013-04-10,42.0,-70.3,Visual,1,Spring,,
2013-04-10,41.98,-70.5,Visual,1,Spring,,
2013-04-10,41.99,-70.29,Visual,1,Spring,,
2013-04-10,41.98,-70.29,Visual,1,Spring,,
2013-04-10,41.98,-70.49,Visual,1,Spring,,
2013-04-10,41.94,-70.24,Visual,1,Spring,,
2013-04-10,41.9,-70.24,Visual,1,Spring,,
2013-04-10,41.85,-70.22,Visual,1,Spring,,
2013-04-10,41.86,-70.45,Visual,1,Spring,,
2013-04-10,41.82,-70.25,Visual,1,Spring,,
2013-04-10,41.8,-70.25,Visual,1,Spring,,
2013-04-10,41.88,-70.34,Visual,1,Spring,,
2013-04-10,42.1,-70.24,Visual,1,Spring,,
2013-04-10,42.09,-70.22,Visual,1,Spring,,
2013-04-10,42.1,-70.17,Visual,1,Spring,,
2013-04-10,42.1,-70.22,Visual,1,Spring,,
2013-04-10,42.26,-70.65,Visual,1,Spring,,
2013-04-10,42.19,-70.59,Visual,1,Spring,,
2013-04-09,42.05,-70.3,Visual,1,Spring,,
2013-04-08,42.03,-70.27,Visual,1,Spring,,
2013-04-09,42.4,-70.46,Visual,1,Spring,,
2013-04-08,42.13,-70.2,Visual,1,Spring,,
2013-04-08,42.15,-70.22,Visual,1,Spring,,
2013-04-08,42.15,-70.23,Visual,1,Spring,,
2013-04-08,42.2,-70.21,Visual,1,Spring,,
2013-04-08,41.9,-70.37,Visual,1,Spring,,
2013-04-08,41.87,-70.21,Visual,1,Spring,,
2013-04-08,41.89,-70.38,Visual,1,Spring,,
2013-04-08,41.99,-70.18,Visual,1,Spring,,
2013-04-08,42.02,-70.27,Visual,1,Spring,,
2013-04-08,42.01,-70.28,Visual,1,Spring,,
2013-04-08,42.02,-70.3,Visual,1,Spring,,
2013-04-08,42.01,-70.33,Visual,1,Spring,,
2013-04-08,42.02,-70.34,Visual,1,Spring,,
2013-04-08,42.01,-70.34,Visual,1,Spring,,
2013-04-07,42.02,-70.22,Visual,1,Spring,,
2013-03-30,35.15,-75.86,Visual,1,Spring,,
2013-04-04,30.71,-81.39,Visual,1,Spring,,
2013-04-04,30.71,-81.34,Visual,1,Spring,,
2013-04-04,41.76,-70.2,Visual,1,Spring,,
2013-04-04,41.9,-70.36,Visual,1,Spring,,
2013-04-04,41.92,-70.19,Visual,1,Spring,,
2013-02-15,37.56,-73.32,Visual,1,Winter,,
2013-02-15,36.82,-75.34,Visual,1,Winter,,
2013-03-20,36.72,-75.05,Visual,1,Spring,,
2013-03-29,41.97,-70.18,Visual,1,Spring,,
2004-07-11,41.38,-70.38,Visual,1,Summer,,
2013-03-29,40.58,-70.8,Visual,1,Spring,,
2013-03-30,41.97,-70.5,Visual,1,Spring,,
2013-03-29,41.9,-70.16,Visual,1,Spring,,
2013-03-27,41.87,-70.14,Visual,1,Spring,,
2013-03-27,41.79,-70.23,Visual,1,Spring,,
2013-03-26,42.02,-70.2,Visual,1,Spring,,
2013-03-23,33.87,-78.03,Visual,1,Spring,,
2013-03-25,42.04,-70.02,Visual,1,Spring,,
2013-03-22,42.01,-70.46,Visual,1,Spring,,
2013-03-22,42.01,-70.44,Visual,1,Spring,,
2013-03-21,41.99,-70.39,Visual,1,Spring,,
2013-03-21,42.06,-70.25,Visual,1,Spring,,
2013-03-21,41.98,-70.16,Visual,1,Spring,,
2013-03-04,32.12,-80.48,Visual,1,Spring,,
2013-03-15,31.62,-80.61,Visual,1,Spring,,
2013-03-18,41.63,-69.63,Visual,1,Spring,,
2013-03-18,42.13,-70.28,Visual,1,Spring,,
2013-03-18,42.09,-70.12,Visual,1,Spring,,
2013-03-18,42.09,-70.29,Visual,1,Spring,,
2013-03-18,42.01,-70.47,Visual,1,Spring,,
2013-03-18,41.84,-70.26,Visual,1,Spring,,
2013-03-18,41.81,-70.2,Visual,1,Spring,,
2013-03-07,31.19,-80.99,Visual,1,Spring,,
2013-03-13,41.81,-70.35,Visual,1,Spring,,
2013-03-13,41.95,-70.19,Visual,1,Spring,,
2013-03-13,41.97,-70.36,Visual,1,Spring,,
2013-03-13,41.97,-70.21,Visual,1,Spring,,
2013-03-11,41.84,-70.28,Visual,1,Spring,,
2013-03-11,41.85,-70.29,Visual,1,Spring,,
2013-03-11,41.86,-70.23,Visual,1,Spring,,
2013-03-11,41.88,-70.27,Visual,1,Spring,,
2013-03-11,41.86,-70.28,Visual,1,Spring,,
2013-03-10,32.3,-80.13,Visual,1,Spring,,
2013-03-10,37.63,-74.83,Visual,1,Spring,,
2013-03-10,36.98,-75.28,Visual,1,Spring,,
2013-03-10,41.39,-70.81,Visual,1,Spring,,
2013-03-07,32.17,-80.46,Visual,1,Spring,,
2013-01-05,26.4,-80.05,Visual,1,Winter,,
2013-01-06,25.71,-80.1,Visual,1,Winter,,
2013-03-04,31.88,-80.79,Visual,1,Spring,,
2013-03-04,32.1,-80.51,Visual,1,Spring,,
2013-03-04,30.82,-81.1,Visual,1,Spring,,
2013-02-24,31.28,-80.94,Visual,1,Winter,,
2013-02-24,31.53,-80.97,Visual,1,Winter,,
2013-02-21,31.31,-81.08,Visual,1,Winter,,
2013-02-21,31.32,-81.09,Visual,1,Winter,,
2013-02-21,31.28,-80.98,Visual,1,Winter,,
2013-02-21,31.03,-81.12,Visual,1,Winter,,
2013-02-20,31.29,-80.73,Visual,1,Winter,,
2013-02-20,31.43,-81.02,Visual,1,Winter,,
2013-02-20,31.47,-80.91,Visual,1,Winter,,
2013-02-26,41.2,-70.51,Visual,1,Winter,,
2013-02-26,41.24,-70.49,Visual,1,Winter,,
2013-02-26,41.21,-70.45,Visual,1,Winter,,
2013-02-26,41.19,-70.43,Visual,1,Winter,,
2013-02-26,41.16,-70.14,Visual,1,Winter,,
2013-02-26,41.07,-70.11,Visual,1,Winter,,
2013-02-26,41.23,-70.43,Visual,1,Winter,,
2013-02-26,41.26,-70.42,Visual,1,Winter,,
2013-02-26,41.28,-70.48,Visual,1,Winter,,
2013-02-26,41.94,-70.22,Visual,1,Winter,,
2013-02-26,41.93,-70.23,Visual,1,Winter,,
2013-02-26,41.89,-70.18,Visual,1,Winter,,
2013-02-26,41.91,-70.14,Visual,1,Winter,,
2013-02-26,41.98,-70.12,Visual,1,Winter,,
2013-02-26,41.99,-70.13,Visual,1,Winter,,
2013-02-25,42.0,-70.09,Visual,1,Winter,,
2013-02-25,38.42,-73.79,Visual,1,Winter,,
2013-02-24,31.84,-80.5,Visual,1,Winter,,
2013-02-24,31.82,-80.56,Visual,1,Winter,,
2013-02-24,30.54,-81.39,Visual,1,Winter,,
2013-02-24,30.49,-81.27,Visual,1,Winter,,
2013-02-24,30.69,-81.14,Visual,1,Winter,,
2013-02-24,30.55,-81.4,Visual,1,Winter,,
2013-02-23,41.95,-70.17,Visual,1,Winter,,
2013-02-23,41.89,-70.2,Visual,1,Winter,,
2013-02-22,30.04,-81.32,Visual,1,Winter,,
2013-02-21,30.3,-81.28,Visual,1,Winter,,
2013-02-21,30.27,-81.31,Visual,1,Winter,,
2013-02-21,30.24,-81.33,Visual,1,Winter,,
2013-02-21,30.69,-81.35,Visual,1,Winter,,
2013-02-21,30.72,-81.34,Visual,1,Winter,,
2013-02-20,30.43,-81.33,Visual,1,Winter,,
2013-02-20,30.86,-81.16,Visual,1,Winter,,
2013-02-14,31.15,-80.98,Visual,1,Winter,,
2013-02-14,30.98,-81.37,Visual,1,Winter,,
2013-02-19,42.03,-70.4,Visual,1,Winter,,
2013-02-15,34.63,-76.55,Visual,1,Winter,,
2013-02-18,30.27,-81.27,Visual,1,Winter,,
2013-02-18,31.44,-81.01,Visual,1,Winter,,
2013-02-18,31.17,-81.1,Visual,1,Winter,,
2013-02-18,30.26,-81.29,Visual,1,Winter,,
2013-02-18,31.02,-81.26,Visual,1,Winter,,
2013-02-18,30.89,-81.26,Visual,1,Winter,,
2013-02-15,41.25,-70.4,Visual,1,Winter,,
2013-02-15,41.03,-70.05,Visual,1,Winter,,
2013-02-15,40.75,-70.05,Visual,1,Winter,,
2013-02-15,31.06,-81.24,Visual,1,Winter,,
2013-02-15,31.04,-81.24,Visual,1,Winter,,
2013-02-14,30.03,-81.32,Visual,1,Winter,,
2013-02-14,30.72,-81.41,Visual,1,Winter,,
2013-02-13,41.93,-70.19,Visual,1,Winter,,
2013-02-13,41.93,-70.11,Visual,1,Winter,,
2013-02-13,41.88,-70.22,Visual,1,Winter,,
2013-02-12,29.74,-81.18,Visual,1,Winter,,
2013-02-12,30.48,-81.22,Visual,1,Winter,,
2013-02-11,30.54,-81.28,Visual,1,Winter,,
2013-02-11,30.79,-81.24,Visual,1,Winter,,
2013-02-11,30.54,-81.25,Visual,1,Winter,,
2013-02-11,30.52,-81.29,Visual,1,Winter,,
2013-02-10,31.09,-81.11,Visual,1,Winter,,
2013-02-06,31.45,-80.85,Visual,1,Winter,,
2013-02-05,30.97,-81.18,Visual,1,Winter,,
2013-02-05,30.98,-81.17,Visual,1,Winter,,
2013-02-05,31.14,-81.05,Visual,1,Winter,,
2013-02-05,31.2,-81.15,Visual,1,Winter,,
2013-02-04,31.45,-81.15,Visual,1,Winter,,
2013-02-02,30.87,-81.38,Visual,1,Winter,,
2013-02-02,30.84,-81.39,Visual,1,Winter,,
2013-02-02,31.03,-81.28,Visual,1,Winter,,
2013-02-02,30.95,-81.28,Visual,1,Winter,,
2013-02-02,30.85,-81.38,Visual,1,Winter,,
2013-02-04,30.69,-81.37,Visual,1,Winter,,
2013-02-04,30.65,-81.32,Visual,1,Winter,,
2013-02-04,30.71,-81.34,Visual,1,Winter,,
2013-02-04,30.58,-81.13,Visual,1,Winter,,
2013-02-04,30.67,-81.26,Visual,1,Winter,,
2013-02-02,30.54,-81.2,Visual,1,Winter,,
2013-02-05,29.5,-81.13,Visual,1,Winter,,
2013-02-05,30.54,-81.21,Visual,1,Winter,,
2013-02-05,30.45,-81.24,Visual,1,Winter,,
2013-02-09,30.53,-81.3,Visual,1,Winter,,
2013-02-06,30.81,-81.36,Visual,1,Winter,,
2013-02-06,30.54,-81.38,Visual,1,Winter,,
2013-02-06,30.53,-81.32,Visual,1,Winter,,
2013-02-06,29.31,-81.04,Visual,1,Winter,,
2013-02-08,29.14,-80.96,Visual,1,Winter,,
2013-02-08,30.64,-81.4,Visual,1,Winter,,
2013-02-07,39.27,-73.9,Visual,1,Winter,,
2013-02-06,41.86,-70.23,Visual,1,Winter,,
2013-02-06,42.02,-70.19,Visual,1,Winter,,
2013-02-06,42.01,-70.19,Visual,1,Winter,,
2013-02-06,42.02,-70.18,Visual,1,Winter,,
2013-02-06,42.03,-70.17,Visual,1,Winter,,
2013-02-06,42.02,-70.16,Visual,1,Winter,,
2013-02-06,42.03,-70.16,Visual,1,Winter,,
2013-02-06,42.05,-70.23,Visual,1,Winter,,
2013-02-05,41.77,-70.26,Visual,1,Winter,,
2013-02-05,41.82,-70.16,Visual,1,Winter,,
2013-02-05,41.82,-70.15,Visual,1,Winter,,
2013-02-05,41.84,-70.16,Visual,1,Winter,,
2013-02-05,41.84,-70.31,Visual,1,Winter,,
2013-02-05,41.85,-70.16,Visual,1,Winter,,
2013-02-05,41.87,-70.18,Visual,1,Winter,,
2013-02-04,32.53,-79.99,Visual,1,Winter,,
2013-02-03,42.02,-70.18,Visual,1,Winter,,
2013-02-03,42.05,-70.25,Visual,1,Winter,,
2013-02-03,41.89,-70.5,Visual,1,Winter,,
2013-02-03,29.67,-81.2,Visual,1,Winter,,
2013-02-02,31.71,-80.97,Visual,1,Winter,,
2013-01-29,30.32,-81.35,Visual,1,Winter,,
2013-01-29,30.32,-81.39,Visual,1,Winter,,
2013-01-29,30.4,-81.02,Visual,1,Winter,,
2013-01-29,30.38,-81.24,Visual,1,Winter,,
2013-01-29,30.8,-81.21,Visual,1,Winter,,
2013-01-29,30.24,-81.3,Visual,1,Winter,,
2013-01-29,42.06,-70.25,Visual,1,Winter,,
2013-01-26,31.38,-80.89,Visual,1,Winter,,
2013-01-28,41.94,-70.29,Visual,1,Winter,,
2013-01-28,41.94,-70.28,Visual,1,Winter,,
2013-01-28,41.92,-70.27,Visual,1,Winter,,
2013-01-28,41.9,-70.25,Visual,1,Winter,,
2013-01-28,41.82,-70.29,Visual,1,Winter,,
2013-01-28,30.47,-81.18,Visual,1,Winter,,
2013-01-28,30.48,-81.26,Visual,1,Winter,,
2013-01-28,30.44,-81.3,Visual,1,Winter,,
2013-01-28,30.15,-81.22,Visual,1,Winter,,
2013-01-26,30.43,-81.17,Visual,1,Winter,,
2013-01-26,30.26,-81.1,Visual,1,Winter,,
2013-01-26,30.49,-81.2,Visual,1,Winter,,
2013-01-26,30.53,-81.18,Visual,1,Winter,,
2013-01-26,30.63,-81.2,Visual,1,Winter,,
2013-01-26,30.63,-81.26,Visual,1,Winter,,
2013-01-26,30.75,-81.11,Visual,1,Winter,,
2013-01-26,30.81,-81.25,Visual,1,Winter,,
2013-01-26,30.8,-81.17,Visual,1,Winter,,
2013-01-26,30.82,-81.15,Visual,1,Winter,,
2013-01-25,30.68,-81.29,Visual,1,Winter,,
2013-01-25,30.64,-81.3,Visual,1,Winter,,
2013-01-23,29.41,-81.08,Visual,1,Winter,,
2013-01-21,31.39,-80.88,Visual,1,Winter,,
2013-01-21,31.28,-81.05,Visual,1,Winter,,
2013-01-21,30.75,-81.28,Visual,1,Winter,,
2013-01-21,30.05,-81.31,Visual,1,Winter,,
2013-01-21,30.54,-81.24,Visual,1,Winter,,
2013-01-21,30.79,-81.26,Visual,1,Winter,,
2013-01-21,30.78,-81.27,Visual,1,Winter,,
2013-01-21,30.49,-81.32,Visual,1,Winter,,
2013-01-21,30.77,-81.25,Visual,1,Winter,,
2013-01-21,42.0,-70.6,Visual,1,Winter,,
2013-01-20,41.79,-70.48,Visual,1,Winter,,
2013-01-13,31.38,-80.87,Visual,1,Winter,,
2013-01-16,31.14,-81.19,Visual,1,Winter,,
2013-01-16,31.05,-81.16,Visual,1,Winter,,
2013-01-15,30.88,-81.28,Visual,1,Winter,,
2013-01-15,31.39,-81.08,Visual,1,Winter,,
2013-01-15,31.54,-80.97,Visual,1,Winter,,
2013-01-14,31.19,-81.14,Visual,1,Winter,,
2013-01-14,30.94,-81.18,Visual,1,Winter,,
2013-01-13,31.44,-81.04,Visual,1,Winter,,
2013-01-13,31.28,-81.14,Visual,1,Winter,,
2013-01-13,31.02,-81.29,Visual,1,Winter,,
2013-01-17,41.89,-70.54,Visual,1,Winter,,
2013-01-17,41.87,-70.53,Visual,1,Winter,,
2013-01-16,30.48,-81.39,Visual,1,Winter,,
2013-01-16,30.54,-81.21,Visual,1,Winter,,
2013-01-16,30.24,-81.13,Visual,1,Winter,,
2013-01-16,30.73,-81.2,Visual,1,Winter,,
2013-01-16,30.57,-81.18,Visual,1,Winter,,
2013-01-13,30.21,-81.35,Visual,1,Winter,,
2013-01-15,30.42,-81.2,Visual,1,Winter,,
2013-01-15,29.87,-81.11,Visual,1,Winter,,
2013-01-15,30.53,-81.29,Visual,1,Winter,,
2013-01-15,30.53,-81.31,Visual,1,Winter,,
2013-01-15,29.84,-81.1,Visual,1,Winter,,
2013-01-14,30.61,-81.37,Visual,1,Winter,,
2013-01-14,30.47,-81.35,Visual,1,Winter,,
2013-01-14,30.54,-81.31,Visual,1,Winter,,
2013-01-14,30.63,-81.22,Visual,1,Winter,,
2013-01-13,30.74,-81.13,Visual,1,Winter,,
2013-01-13,30.64,-81.36,Visual,1,Winter,,
2013-01-13,30.61,-81.3,Visual,1,Winter,,
2013-01-12,30.75,-81.26,Visual,1,Winter,,
2013-01-12,30.59,-81.42,Visual,1,Winter,,
2013-01-12,30.51,-81.16,Visual,1,Winter,,
2013-01-12,30.35,-81.3,Visual,1,Winter,,
2013-01-15,41.67,-69.88,Visual,1,Winter,,
2013-01-15,31.86,-80.8,Visual,1,Winter,,
2013-01-15,32.37,-80.18,Visual,1,Winter,,
2013-01-14,39.3,-74.09,Visual,1,Winter,,
2013-01-14,41.95,-70.58,Visual,1,Winter,,
2013-01-12,41.98,-70.58,Visual,1,Winter,,
2013-01-12,41.99,-70.6,Visual,1,Winter,,
2013-01-12,30.88,-81.23,Visual,1,Winter,,
2013-01-11,30.54,-81.02,Visual,1,Winter,,
2013-01-11,30.63,-81.13,Visual,1,Winter,,
2013-01-11,30.62,-81.31,Visual,1,Winter,,
2013-01-11,41.83,-70.18,Visual,1,Winter,,
2013-01-11,42.03,-70.42,Visual,1,Winter,,
2013-01-11,41.95,-70.36,Visual,1,Winter,,
2013-01-11,41.93,-70.11,Visual,1,Winter,,
2013-01-11,41.83,-70.19,Visual,1,Winter,,
2013-01-10,42.04,-70.18,Visual,1,Winter,,
2012-12-28,31.5,-81.02,Visual,1,Winter,,
2012-12-28,31.18,-81.22,Visual,1,Winter,,
2012-12-28,31.15,-81.21,Visual,1,Winter,,
2012-12-23,31.44,-81.01,Visual,1,Winter,,
2012-12-23,31.14,-81.18,Visual,1,Winter,,
2012-12-23,31.08,-81.22,Visual,1,Winter,,
2012-12-23,30.79,-81.37,Visual,1,Winter,,
2012-12-19,31.13,-81.22,Visual,1,Winter,,
2012-12-17,31.06,-81.23,Visual,1,Winter,,
2012-12-17,30.89,-81.28,Visual,1,Winter,,
2012-12-11,30.89,-81.24,Visual,1,Winter,,
2012-12-31,30.54,-81.44,Visual,1,Winter,,
2013-01-02,30.54,-81.44,Visual,1,Winter,,
2013-01-09,29.87,-81.27,Visual,1,Winter,,
2013-01-10,30.52,-81.36,Visual,1,Winter,,
2013-01-10,41.75,-70.42,Visual,1,Winter,,
2013-01-06,41.77,-70.25,Visual,1,Winter,,
2013-01-06,29.74,-81.24,Visual,1,Winter,,
2013-01-05,41.75,-70.33,Visual,1,Winter,,
2013-01-02,28.53,-80.47,Visual,1,Winter,,
2013-01-02,28.37,-80.49,Visual,1,Winter,,
2013-01-01,30.62,-81.43,Visual,1,Winter,,
2013-01-01,30.61,-81.43,Visual,1,Winter,,
2013-01-01,41.74,-70.38,Visual,1,Winter,,
2013-01-01,41.75,-70.38,Visual,1,Winter,,
2013-01-01,30.4,-81.2,Visual,1,Winter,,
2013-01-01,30.33,-81.24,Visual,1,Winter,,
2013-01-01,30.2,-81.3,Visual,1,Winter,,
2013-01-01,30.24,-81.3,Visual,1,Winter,,
2012-12-31,30.38,-81.25,Visual,1,Winter,,
2012-12-31,30.57,-81.35,Visual,1,Winter,,
2012-12-31,30.6,-81.44,Visual,1,Winter,,
2012-12-29,42.01,-70.18,Visual,1,Winter,,
2012-12-28,30.8,-81.24,Visual,1,Winter,,
2012-12-28,30.85,-81.16,Visual,1,Winter,,
2012-12-28,30.54,-81.22,Visual,1,Winter,,
2012-12-28,30.56,-81.21,Visual,1,Winter,,
2012-12-26,41.99,-70.17,Visual,1,Winter,,
2012-12-26,42.05,-69.87,Visual,1,Winter,,
2012-12-26,42.26,-69.75,Visual,1,Winter,,
2012-12-23,32.21,-80.46,Visual,1,Winter,,
2012-12-23,30.55,-81.11,Visual,1,Winter,,
2012-12-20,30.03,-81.32,Visual,1,Winter,,
2012-12-18,29.58,-81.13,Visual,1,Winter,,
2012-12-19,29.78,-81.25,Visual,1,Winter,,
2012-12-19,30.59,-81.24,Visual,1,Winter,,
2012-12-19,30.11,-81.32,Visual,1,Winter,,
2012-12-19,30.54,-81.2,Visual,1,Winter,,
2012-12-19,30.83,-81.13,Visual,1,Winter,,
2012-12-19,30.43,-81.25,Visual,1,Winter,,
2012-12-20,29.97,-81.3,Visual,1,Winter,,
2012-12-20,42.01,-70.16,Visual,1,Winter,,
2012-12-19,33.01,-78.97,Visual,1,Winter,,
2012-12-19,33.13,-79.14,Visual,1,Winter,,
2012-12-17,31.04,-81.23,Visual,1,Winter,,
2012-12-17,30.62,-81.18,Visual,1,Winter,,
2012-12-17,30.52,-81.28,Visual,1,Winter,,
2012-12-16,30.4,-81.34,Visual,1,Winter,,
2012-12-16,30.23,-81.3,Visual,1,Winter,,
2012-12-16,30.43,-81.31,Visual,1,Winter,,
2012-12-14,31.9,-80.79,Visual,1,Winter,,
2012-12-07,31.77,-80.59,Visual,1,Winter,,
2012-12-13,41.84,-70.2,Visual,1,Winter,,
2012-12-13,41.89,-70.16,Visual,1,Winter,,
2012-12-13,41.9,-70.16,Visual,1,Winter,,
2012-12-13,41.9,-70.17,Visual,1,Winter,,
2012-12-13,41.9,-70.14,Visual,1,Winter,,
2012-12-13,41.91,-70.15,Visual,1,Winter,,
2012-12-13,41.92,-70.14,Visual,1,Winter,,
2012-12-13,41.92,-70.13,Visual,1,Winter,,
2012-12-11,30.52,-81.03,Visual,1,Winter,,
2012-12-10,30.49,-81.29,Visual,1,Winter,,
2012-12-12,41.92,-70.13,Visual,1,Winter,,
2012-12-11,42.01,-70.13,Visual,1,Winter,,
2012-12-09,34.69,-76.8,Visual,1,Winter,,
2012-12-05,32.69,-79.74,Visual,1,Winter,,
2012-12-04,30.4,-81.34,Visual,1,Winter,,
2012-12-05,30.39,-81.36,Visual,1,Winter,,
2012-12-06,30.59,-81.21,Visual,1,Winter,,
2012-12-05,31.41,-81.01,Visual,1,Winter,,
2012-12-05,30.37,-81.38,Visual,1,Winter,,
2012-12-04,43.32,-68.66,Visual,1,Winter,,
2012-12-04,43.34,-68.68,Visual,1,Winter,,
2012-12-04,43.35,-68.77,Visual,1,Winter,,
2012-12-04,43.33,-68.78,Visual,1,Winter,,
2012-12-04,43.25,-68.78,Visual,1,Winter,,
2012-12-01,43.37,-68.43,Visual,1,Winter,,
2012-11-30,43.38,-68.55,Visual,1,Fall,,
2012-11-30,43.36,-68.56,Visual,1,Fall,,
2012-11-29,29.43,-81.1,Visual,1,Fall,,
2012-11-23,31.86,-80.85,Visual,1,Fall,,
2012-11-27,32.14,-80.54,Visual,1,Fall,,
2012-11-18,42.0,-70.11,Visual,1,Fall,,
2012-11-16,42.73,-70.28,Visual,1,Fall,,
2012-11-11,43.0,-65.1,Visual,1,Fall,,
2012-11-09,31.81,-80.91,Visual,1,Fall,,
2012-11-11,44.69,-66.55,Visual,1,Fall,,
2012-10-21,42.03,-70.1,Visual,1,Fall,,
2012-10-03,44.6,-66.49,Visual,1,Fall,,
2012-09-28,43.98,-68.12,Visual,1,Fall,,
2012-09-24,44.59,-66.44,Visual,1,Fall,,
2012-09-24,44.54,-66.48,Visual,1,Fall,,
2012-09-24,44.48,-66.53,Visual,1,Fall,,
2012-09-24,44.68,-66.52,Visual,1,Fall,,
2012-09-24,44.5,-66.45,Visual,1,Fall,,
2012-09-24,44.5,-66.52,Visual,1,Fall,,
2012-09-21,43.9,-68.12,Visual,1,Fall,,
2012-09-17,42.88,-70.29,Visual,1,Fall,,
2012-09-14,44.59,-66.58,Visual,1,Fall,,
2012-09-14,44.6,-66.58,Visual,1,Fall,,
2012-09-14,44.6,-66.59,Visual,1,Fall,,
2012-09-14,44.66,-66.64,Visual,1,Fall,,
2012-09-13,39.65,-74.12,Visual,1,Fall,,
2012-09-12,44.57,-66.56,Visual,1,Fall,,
2012-09-12,44.64,-66.47,Visual,1,Fall,,
2012-09-12,44.61,-66.5,Visual,1,Fall,,
2012-09-12,44.61,-66.53,Visual,1,Fall,,
2012-09-12,44.55,-66.58,Visual,1,Fall,,
2012-09-09,42.88,-70.51,Visual,1,Fall,,
2012-09-02,44.77,-66.45,Visual,1,Fall,,
2012-09-02,44.76,-66.47,Visual,1,Fall,,
2012-09-02,44.75,-66.46,Visual,1,Fall,,
2012-09-02,44.75,-66.47,Visual,1,Fall,,
2012-09-02,44.73,-66.48,Visual,1,Fall,,
2012-03-13,33.45,-78.49,Visual,1,Spring,,
2012-02-22,30.53,-81.43,Visual,1,Winter,,
2012-02-17,32.14,-80.55,Visual,1,Winter,,
2012-02-14,31.54,-81.01,Visual,1,Winter,,
2012-02-13,31.18,-81.16,Visual,1,Winter,,
2012-02-10,30.39,-81.36,Visual,1,Winter,,
2012-02-08,32.17,-79.63,Visual,1,Winter,,
2012-02-05,31.2,-81.14,Visual,1,Winter,,
2012-02-05,31.04,-81.11,Visual,1,Winter,,
2012-02-05,30.16,-80.89,Visual,1,Winter,,
2012-02-04,31.9,-80.65,Visual,1,Winter,,
2012-02-04,31.89,-80.74,Visual,1,Winter,,
2012-02-04,31.08,-80.99,Visual,1,Winter,,
2012-02-02,31.11,-81.18,Visual,1,Winter,,
2012-02-02,31.1,-81.19,Visual,1,Winter,,
2012-02-02,31.42,-81.01,Visual,1,Winter,,
2012-02-01,30.72,-81.4,Visual,1,Winter,,
2012-02-01,32.55,-79.84,Visual,1,Winter,,
2012-02-01,31.19,-81.17,Visual,1,Winter,,
2012-02-01,31.19,-81.16,Visual,1,Winter,,
2012-01-31,31.36,-81.06,Visual,1,Winter,,
2012-01-28,30.79,-81.15,Visual,1,Winter,,
2012-01-28,31.04,-81.23,Visual,1,Winter,,
2012-01-28,30.74,-81.11,Visual,1,Winter,,
2012-01-28,30.69,-81.01,Visual,1,Winter,,
2012-01-26,30.84,-81.28,Visual,1,Winter,,
2012-01-24,31.54,-80.96,Visual,1,Winter,,
2012-01-24,31.03,-81.2,Visual,1,Winter,,
2012-01-22,30.48,-80.92,Visual,1,Winter,,
2012-01-20,32.53,-80.04,Visual,1,Winter,,
2012-01-20,31.21,-80.88,Visual,1,Winter,,
2012-01-20,31.18,-80.85,Visual,1,Winter,,
2012-01-19,31.08,-80.84,Visual,1,Winter,,
2012-01-19,31.27,-81.11,Visual,1,Winter,,
2012-01-17,30.76,-81.26,Visual,1,Winter,,
2012-01-17,30.79,-81.23,Visual,1,Winter,,
2012-01-17,31.18,-81.23,Visual,1,Winter,,
2012-01-17,30.06,-81.28,Visual,1,Winter,,
2012-01-10,30.73,-81.26,Visual,1,Winter,,
2012-01-10,30.3,-81.25,Visual,1,Winter,,
2012-01-09,30.42,-81.34,Visual,1,Winter,,
2012-01-09,31.03,-81.26,Visual,1,Winter,,
2012-01-08,30.57,-81.36,Visual,1,Winter,,
2012-01-08,31.83,-80.77,Visual,1,Winter,,
2012-01-06,32.32,-80.33,Visual,1,Winter,,
2012-01-06,32.32,-80.32,Visual,1,Winter,,
2012-01-04,30.55,-81.4,Visual,1,Winter,,
2012-01-01,30.8,-81.42,Visual,1,Winter,,
2012-01-01,32.57,-79.94,Visual,1,Winter,,
2011-12-31,30.38,-81.38,Visual,1,Winter,,
2011-12-30,30.4,-81.24,Visual,1,Winter,,
2011-12-29,30.54,-81.39,Visual,1,Winter,,
2011-12-29,30.45,-81.27,Visual,1,Winter,,
2011-02-28,30.4,-81.05,Visual,1,Winter,,
2011-02-26,29.89,-81.08,Visual,1,Winter,,
2011-02-24,30.78,-81.12,Visual,1,Winter,,
2011-02-24,30.3,-81.18,Visual,1,Winter,,
2011-02-24,31.13,-81.31,Visual,1,Winter,,
2011-02-22,29.61,-80.96,Visual,1,Winter,,
2011-02-22,29.74,-81.01,Visual,1,Winter,,
2011-02-21,30.42,-80.98,Visual,1,Winter,,
2011-02-21,31.0,-81.04,Visual,1,Winter,,
2011-02-19,31.04,-80.9,Visual,1,Winter,,
2011-02-19,29.94,-81.09,Visual,1,Winter,,
2011-02-18,29.95,-81.29,Visual,1,Winter,,
2011-02-18,29.95,-81.27,Visual,1,Winter,,
2011-02-18,29.9,-81.1,Visual,1,Winter,,
2011-02-18,29.9,-81.11,Visual,1,Winter,,
2011-02-17,30.38,-81.12,Visual,1,Winter,,
2011-02-17,30.12,-81.09,Visual,1,Winter,,
2011-02-17,29.92,-81.26,Visual,1,Winter,,
2011-02-16,30.44,-81.38,Visual,1,Winter,,
2011-02-16,30.32,-81.28,Visual,1,Winter,,
2011-02-16,30.34,-81.28,Visual,1,Winter,,
2011-02-13,31.83,-80.7,Visual,1,Winter,,
2011-02-13,31.69,-80.76,Visual,1,Winter,,
2011-02-13,31.62,-80.74,Visual,1,Winter,,
2011-02-13,30.02,-81.16,Visual,1,Winter,,
2011-02-09,29.88,-80.92,Visual,1,Winter,,
2011-02-06,30.43,-81.23,Visual,1,Winter,,
2011-02-01,29.86,-81.25,Visual,1,Winter,,
2011-01-31,29.92,-81.14,Visual,1,Winter,,
2011-01-31,29.93,-81.08,Visual,1,Winter,,
2011-01-30,30.39,-81.16,Visual,1,Winter,,
2011-01-30,29.63,-81.06,Visual,1,Winter,,
2011-01-29,30.47,-81.04,Visual,1,Winter,,
2011-01-29,30.91,-81.17,Visual,1,Winter,,
2011-01-29,29.88,-81.27,Visual,1,Winter,,
2011-01-29,29.97,-81.08,Visual,1,Winter,,
2011-01-29,29.9,-81.24,Visual,1,Winter,,
2011-01-24,30.39,-81.43,Visual,1,Winter,,
2011-01-24,30.38,-81.44,Visual,1,Winter,,
2011-01-24,30.27,-81.0,Visual,1,Winter,,
2011-01-23,30.34,-81.24,Visual,1,Winter,,
2011-01-23,31.39,-80.78,Visual,1,Winter,,
2011-01-20,30.47,-81.06,Visual,1,Winter,,
2011-01-20,32.31,-80.2,Visual,1,Winter,,
2011-01-20,30.98,-80.99,Visual,1,Winter,,
2011-01-19,29.97,-81.08,Visual,1,Winter,,
2011-01-19,30.21,-81.14,Visual,1,Winter,,
2011-01-16,31.29,-81.18,Visual,1,Winter,,
2011-01-15,32.03,-80.63,Visual,1,Winter,,
2011-01-15,31.59,-80.96,Visual,1,Winter,,
2011-01-15,29.2,-80.95,Visual,1,Winter,,
2011-01-15,29.22,-80.92,Visual,1,Winter,,
2011-01-15,29.21,-80.93,Visual,1,Winter,,
2011-01-15,28.06,-80.54,Visual,1,Winter,,
2011-01-15,28.89,-80.77,Visual,1,Winter,,
2011-01-04,32.85,-79.46,Visual,1,Winter,,
2011-01-04,30.71,-81.33,Visual,1,Winter,,
2011-01-04,31.04,-81.0,Visual,1,Winter,,
2010-12-31,33.51,-79.03,Visual,1,Winter,,
2010-12-31,31.23,-80.86,Visual,1,Winter,,
2010-12-31,31.03,-81.2,Visual,1,Winter,,
2010-12-30,29.97,-81.3,Visual,1,Winter,,
2010-12-30,29.96,-81.21,Visual,1,Winter,,
2010-12-30,30.4,-81.27,Visual,1,Winter,,
2010-12-30,30.58,-81.26,Visual,1,Winter,,
2010-12-30,30.61,-81.19,Visual,1,Winter,,
2010-12-30,30.61,-81.18,Visual,1,Winter,,
2010-12-29,30.15,-81.19,Visual,1,Winter,,
2010-12-29,30.2,-81.18,Visual,1,Winter,,
2010-12-28,30.57,-81.17,Visual,1,Winter,,
2010-12-28,30.33,-81.16,Visual,1,Winter,,
2010-12-25,30.18,-81.32,Visual,1,Winter,,
2010-12-25,30.4,-81.16,Visual,1,Winter,,
2010-12-25,30.23,-81.17,Visual,1,Winter,,
2010-12-21,30.72,-81.26,Visual,1,Winter,,
2010-12-21,30.86,-81.22,Visual,1,Winter,,
2010-12-21,30.86,-81.21,Visual,1,Winter,,
2010-12-21,32.48,-79.94,Visual,1,Winter,,
2010-12-21,31.23,-80.81,Visual,1,Winter,,
2010-12-20,30.48,-81.24,Visual,1,Winter,,
2010-12-20,30.53,-81.2,Visual,1,Winter,,
2010-12-20,31.2,-81.02,Visual,1,Winter,,
2010-12-18,30.22,-81.27,Visual,1,Winter,,
2010-12-17,30.93,-81.31,Visual,1,Winter,,
2010-12-16,30.38,-81.24,Visual,1,Winter,,
2010-12-03,31.54,-80.98,Visual,1,Winter,,
2010-03-31,30.19,-81.18,Visual,1,Spring,,
2010-03-30,29.65,-81.19,Visual,1,Spring,,
2010-03-29,30.19,-81.18,Visual,1,Spring,,
2010-03-26,30.56,-80.97,Visual,1,Spring,,
2010-03-26,30.57,-80.96,Visual,1,Spring,,
2010-03-25,31.14,-81.1,Visual,1,Spring,,
2010-03-25,30.29,-81.16,Visual,1,Spring,,
2010-03-24,31.29,-81.17,Visual,1,Spring,,
2010-03-21,30.78,-81.41,Visual,1,Spring,,
2010-03-20,29.84,-81.07,Visual,1,Spring,,
2010-03-20,30.1,-81.16,Visual,1,Spring,,
2010-03-20,30.05,-80.71,Visual,1,Spring,,
2010-03-17,31.88,-79.98,Visual,1,Spring,,
2010-03-17,29.08,-80.9,Visual,1,Spring,,
2010-03-17,30.13,-81.01,Visual,1,Spring,,
2010-03-16,30.32,-80.74,Visual,1,Spring,,
2010-03-16,30.3,-80.82,Visual,1,Spring,,
2010-03-10,31.33,-80.92,Visual,1,Spring,,
2010-03-10,30.31,-81.13,Visual,1,Spring,,
2010-03-10,30.34,-81.13,Visual,1,Spring,,
2010-03-10,30.33,-80.95,Visual,1,Spring,,
2010-03-10,30.34,-80.9,Visual,1,Spring,,
2010-03-09,30.35,-81.19,Visual,1,Spring,,
2010-03-09,30.38,-81.13,Visual,1,Spring,,
2010-03-09,30.39,-81.17,Visual,1,Spring,,
2010-03-09,30.47,-81.17,Visual,1,Spring,,
2010-03-09,29.72,-80.89,Visual,1,Spring,,
2010-03-08,30.35,-81.25,Visual,1,Spring,,
2010-03-08,30.68,-81.08,Visual,1,Spring,,
2010-03-08,30.67,-81.08,Visual,1,Spring,,
2010-03-08,30.65,-81.07,Visual,1,Spring,,
2010-03-08,30.66,-81.06,Visual,1,Spring,,
2010-03-08,30.99,-81.03,Visual,1,Spring,,
2010-03-08,30.88,-80.97,Visual,1,Spring,,
2010-03-07,30.31,-81.18,Visual,1,Spring,,
2010-03-07,30.4,-81.2,Visual,1,Spring,,
2010-03-07,30.62,-80.91,Visual,1,Spring,,
2010-03-07,30.62,-80.9,Visual,1,Spring,,
2010-03-07,30.6,-80.9,Visual,1,Spring,,
2010-03-07,30.6,-80.91,Visual,1,Spring,,
2010-03-06,30.65,-81.07,Visual,1,Spring,,
2010-03-06,30.55,-81.05,Visual,1,Spring,,
2010-03-06,30.46,-81.18,Visual,1,Spring,,
2010-03-06,30.41,-81.1,Visual,1,Spring,,
2010-03-05,30.41,-81.34,Visual,1,Spring,,
2010-03-05,30.81,-80.85,Visual,1,Spring,,
2010-03-01,30.55,-80.83,Visual,1,Spring,,
2010-03-01,30.68,-80.89,Visual,1,Spring,,
2010-03-01,30.68,-80.91,Visual,1,Spring,,
2010-03-01,30.81,-80.8,Visual,1,Spring,,
2010-03-01,32.97,-79.25,Visual,1,Spring,,
2010-03-01,32.99,-79.13,Visual,1,Spring,,
2010-03-01,29.99,-81.1,Visual,1,Spring,,
2010-03-01,29.98,-81.07,Visual,1,Spring,,
2010-03-01,29.97,-81.07,Visual,1,Spring,,
2010-03-01,29.98,-80.97,Visual,1,Spring,,
2010-03-01,30.12,-81.16,Visual,1,Spring,,
2010-02-27,30.95,-80.91,Visual,1,Winter,,
2010-02-26,29.54,-81.09,Visual,1,Winter,,
2010-02-24,30.39,-80.98,Visual,1,Winter,,
2010-02-23,30.82,-80.94,Visual,1,Winter,,
2010-02-23,30.25,-80.96,Visual,1,Winter,,
2010-02-23,30.25,-80.95,Visual,1,Winter,,
2010-02-23,30.23,-81.16,Visual,1,Winter,,
2010-02-21,30.18,-81.16,Visual,1,Winter,,
2010-02-21,30.08,-81.26,Visual,1,Winter,,
2010-02-21,30.02,-81.19,Visual,1,Winter,,
2010-02-21,31.81,-80.56,Visual,1,Winter,,
2010-02-21,31.74,-80.72,Visual,1,Winter,,
2010-02-21,31.75,-80.72,Visual,1,Winter,,
2010-02-21,28.41,-80.42,Visual,1,Winter,,
2010-02-21,28.8,-80.44,Visual,1,Winter,,
2010-02-21,29.68,-81.11,Visual,1,Winter,,
2010-02-21,29.68,-81.07,Visual,1,Winter,,
2010-02-21,29.68,-81.06,Visual,1,Winter,,
2010-02-20,29.83,-81.17,Visual,1,Winter,,
2010-02-20,29.89,-81.05,Visual,1,Winter,,
2010-02-20,30.14,-81.19,Visual,1,Winter,,
2010-02-20,32.22,-80.2,Visual,1,Winter,,
2010-02-20,32.23,-80.18,Visual,1,Winter,,
2010-02-20,32.46,-79.96,Visual,1,Winter,,
2010-02-20,31.01,-81.17,Visual,1,Winter,,
2010-02-20,29.79,-81.16,Visual,1,Winter,,
2010-02-20,29.32,-80.96,Visual,1,Winter,,
2010-02-20,28.05,-80.4,Visual,1,Winter,,
2010-02-20,28.67,-80.62,Visual,1,Winter,,
2010-02-20,28.77,-80.7,Visual,1,Winter,,
2010-02-20,29.87,-81.25,Visual,1,Winter,,
2010-02-19,30.61,-81.14,Visual,1,Winter,,
2010-02-19,30.34,-81.2,Visual,1,Winter,,
2010-02-19,31.27,-81.02,Visual,1,Winter,,
2010-02-19,29.94,-81.24,Visual,1,Winter,,
2010-02-19,29.93,-81.25,Visual,1,Winter,,
2010-02-19,29.97,-81.31,Visual,1,Winter,,
2010-02-19,29.98,-81.26,Visual,1,Winter,,
2010-02-19,30.01,-81.3,Visual,1,Winter,,
2010-02-17,30.28,-81.36,Visual,1,Winter,,
2010-02-17,30.28,-81.38,Visual,1,Winter,,
2010-02-17,30.28,-81.37,Visual,1,Winter,,
2010-02-17,30.33,-81.33,Visual,1,Winter,,
2010-02-15,30.16,-81.27,Visual,1,Winter,,
2010-02-15,30.14,-81.23,Visual,1,Winter,,
2010-02-15,30.01,-81.31,Visual,1,Winter,,
2010-02-14,29.95,-81.29,Visual,1,Winter,,
2010-02-14,29.95,-81.26,Visual,1,Winter,,
2010-02-14,29.93,-81.21,Visual,1,Winter,,
2010-02-14,29.96,-81.24,Visual,1,Winter,,
2010-02-14,30.16,-81.2,Visual,1,Winter,,
2010-02-11,30.4,-81.06,Visual,1,Winter,,
2010-02-11,29.16,-80.96,Visual,1,Winter,,
2010-02-09,30.45,-81.16,Visual,1,Winter,,
2010-02-09,30.03,-81.28,Visual,1,Winter,,
2010-02-09,30.02,-81.22,Visual,1,Winter,,
2010-02-09,30.03,-81.23,Visual,1,Winter,,
2010-02-08,30.62,-81.1,Visual,1,Winter,,
2010-02-08,29.78,-81.07,Visual,1,Winter,,
2010-02-08,29.77,-81.05,Visual,1,Winter,,
2010-02-08,29.79,-81.08,Visual,1,Winter,,
2010-02-06,30.79,-81.08,Visual,1,Winter,,
2010-02-06,29.7,-81.04,Visual,1,Winter,,
2010-02-02,30.46,-81.28,Visual,1,Winter,,
2010-01-29,31.32,-80.87,Visual,1,Winter,,
2010-01-29,31.29,-80.91,Visual,1,Winter,,
2010-01-29,31.05,-81.08,Visual,1,Winter,,
2010-01-29,31.04,-81.07,Visual,1,Winter,,
2010-01-29,29.95,-81.28,Visual,1,Winter,,
2010-01-29,30.44,-81.17,Visual,1,Winter,,
2010-01-29,30.04,-81.32,Visual,1,Winter,,
2010-01-28,31.26,-80.88,Visual,1,Winter,,
2010-01-28,31.27,-80.87,Visual,1,Winter,,
2010-01-28,30.08,-81.3,Visual,1,Winter,,
2010-01-28,30.09,-81.31,Visual,1,Winter,,
2010-01-27,30.71,-81.31,Visual,1,Winter,,
2010-01-27,30.7,-81.29,Visual,1,Winter,,
2010-01-27,30.83,-81.28,Visual,1,Winter,,
2010-01-27,29.76,-80.93,Visual,1,Winter,,
2010-01-26,29.8,-81.25,Visual,1,Winter,,
2010-01-25,31.27,-80.95,Visual,1,Winter,,
2010-01-25,30.04,-80.87,Visual,1,Winter,,
2010-01-25,30.02,-80.91,Visual,1,Winter,,
2010-01-25,30.01,-80.93,Visual,1,Winter,,
2010-01-25,30.02,-80.92,Visual,1,Winter,,
2010-01-25,30.54,-81.26,Visual,1,Winter,,
2010-01-25,30.08,-81.32,Visual,1,Winter,,
2010-01-22,31.24,-81.07,Visual,1,Winter,,
2010-01-22,30.11,-81.28,Visual,1,Winter,,
2010-01-22,30.1,-81.28,Visual,1,Winter,,
2010-01-22,30.11,-81.29,Visual,1,Winter,,
2010-01-20,30.75,-81.15,Visual,1,Winter,,
2010-01-20,30.54,-81.21,Visual,1,Winter,,
2010-01-20,30.33,-81.16,Visual,1,Winter,,
2010-01-20,30.29,-81.21,Visual,1,Winter,,
2010-01-20,30.28,-81.3,Visual,1,Winter,,
2010-01-20,31.52,-81.0,Visual,1,Winter,,
2010-01-20,29.83,-81.05,Visual,1,Winter,,
2010-01-20,30.06,-81.19,Visual,1,Winter,,
2010-01-20,30.07,-81.15,Visual,1,Winter,,
2010-01-20,30.06,-81.17,Visual,1,Winter,,
2010-01-19,30.81,-80.9,Visual,1,Winter,,
2010-01-19,30.64,-81.31,Visual,1,Winter,,
2010-01-19,30.35,-81.24,Visual,1,Winter,,
2010-01-19,29.96,-81.11,Visual,1,Winter,,
2010-01-19,29.93,-81.15,Visual,1,Winter,,
2010-01-19,29.97,-81.07,Visual,1,Winter,,
2010-01-18,30.36,-80.89,Visual,1,Winter,,
2010-01-18,30.71,-81.38,Visual,1,Winter,,
2010-01-18,30.67,-81.12,Visual,1,Winter,,
2010-01-18,31.18,-80.93,Visual,1,Winter,,
2010-01-18,29.81,-81.03,Visual,1,Winter,,
2010-01-16,30.57,-81.32,Visual,1,Winter,,
2010-01-15,29.79,-81.25,Visual,1,Winter,,
2010-01-15,29.79,-81.26,Visual,1,Winter,,
2010-01-14,30.59,-81.12,Visual,1,Winter,,
2010-01-14,29.78,-81.18,Visual,1,Winter,,
2010-01-14,29.87,-81.22,Visual,1,Winter,,
2010-01-14,29.86,-81.21,Visual,1,Winter,,
2010-01-14,29.97,-81.31,Visual,1,Winter,,
2010-01-13,29.93,-81.1,Visual,1,Winter,,
2010-01-13,29.82,-80.95,Visual,1,Winter,,
2010-01-13,29.81,-80.96,Visual,1,Winter,,
2010-01-12,30.3,-81.23,Visual,1,Winter,,
2010-01-12,30.27,-81.3,Visual,1,Winter,,
2010-01-12,31.91,-80.42,Visual,1,Winter,,
2010-01-12,31.11,-81.1,Visual,1,Winter,,
2010-01-12,29.23,-80.97,Visual,1,Winter,,
2010-01-12,29.3,-80.92,Visual,1,Winter,,
2010-01-12,29.21,-80.95,Visual,1,Winter,,
2010-01-12,29.97,-81.1,Visual,1,Winter,,
2010-01-12,29.88,-81.02,Visual,1,Winter,,
2010-01-11,29.93,-81.14,Visual,1,Winter,,
2010-01-11,29.94,-81.13,Visual,1,Winter,,
2010-01-11,29.92,-81.17,Visual,1,Winter,,
2010-01-07,30.36,-81.27,Visual,1,Winter,,
2010-01-07,30.4,-81.15,Visual,1,Winter,,
2010-01-07,30.75,-81.31,Visual,1,Winter,,
2010-01-07,30.08,-81.11,Visual,1,Winter,,
2010-01-06,30.32,-81.34,Visual,1,Winter,,
2010-01-06,32.73,-79.58,Visual,1,Winter,,
2010-01-06,29.99,-81.12,Visual,1,Winter,,
2010-01-04,30.45,-81.25,Visual,1,Winter,,
2010-01-04,30.76,-81.28,Visual,1,Winter,,
2010-01-04,32.22,-80.21,Visual,1,Winter,,
2010-01-04,31.23,-81.13,Visual,1,Winter,,
2010-01-03,31.05,-81.18,Visual,1,Winter,,
2010-01-03,31.44,-81.06,Visual,1,Winter,,
2009-12-31,31.03,-81.17,Visual,1,Winter,,
2009-12-31,30.26,-81.32,Visual,1,Winter,,
2009-12-27,30.48,-81.05,Visual,1,Winter,,
2009-12-27,31.16,-80.98,Visual,1,Winter,,
2009-12-27,30.92,-81.04,Visual,1,Winter,,
2009-12-26,30.44,-81.1,Visual,1,Winter,,
2009-12-26,30.12,-81.33,Visual,1,Winter,,
2009-12-24,30.57,-81.27,Visual,1,Winter,,
2009-12-24,30.41,-81.24,Visual,1,Winter,,
2009-12-22,30.7,-81.19,Visual,1,Winter,,
2009-12-22,30.59,-81.15,Visual,1,Winter,,
2009-12-21,30.68,-81.23,Visual,1,Winter,,
2009-12-15,30.45,-81.26,Visual,1,Winter,,
2009-12-15,31.36,-81.07,Visual,1,Winter,,
2009-11-28,32.54,-79.86,Visual,1,Fall,,
2009-04-05,31.67,-80.78,Visual,1,Spring,,
2009-03-31,33.03,-79.12,Visual,1,Spring,,
2009-03-30,31.19,-80.88,Visual,1,Spring,,
2009-03-30,31.33,-80.82,Visual,1,Spring,,
2009-03-25,31.48,-81.07,Visual,1,Spring,,
2009-03-24,30.64,-81.14,Visual,1,Spring,,
2009-03-24,31.72,-80.73,Visual,1,Spring,,
2009-03-24,31.74,-80.73,Visual,1,Spring,,
2009-03-24,30.2,-81.36,Visual,1,Spring,,
2009-03-23,32.48,-79.99,Visual,1,Spring,,
2009-03-20,30.37,-81.16,Visual,1,Spring,,
2009-03-19,30.51,-81.19,Visual,1,Spring,,
2009-03-19,30.54,-81.27,Visual,1,Spring,,
2009-03-19,30.54,-81.28,Visual,1,Spring,,
2009-03-19,30.7,-81.36,Visual,1,Spring,,
2009-03-19,30.94,-81.06,Visual,1,Spring,,
2009-03-19,30.2,-81.14,Visual,1,Spring,,
2009-03-16,30.47,-81.28,Visual,1,Spring,,
2009-03-16,31.28,-80.96,Visual,1,Spring,,
2009-03-16,31.17,-80.75,Visual,1,Spring,,
2009-03-16,31.17,-81.21,Visual,1,Spring,,
2009-03-12,30.64,-81.23,Visual,1,Spring,,
2009-03-12,30.67,-81.42,Visual,1,Spring,,
2009-03-12,31.44,-81.07,Visual,1,Spring,,
2009-03-12,31.36,-81.15,Visual,1,Spring,,
2009-03-12,30.94,-81.22,Visual,1,Spring,,
2009-03-12,30.89,-81.23,Visual,1,Spring,,
2009-03-11,30.83,-81.16,Visual,1,Spring,,
2009-03-11,31.09,-80.81,Visual,1,Spring,,
2009-03-11,31.48,-80.79,Visual,1,Spring,,
2009-03-10,30.76,-81.09,Visual,1,Spring,,
2009-03-10,30.63,-81.13,Visual,1,Spring,,
2009-03-10,30.5,-80.98,Visual,1,Spring,,
2009-03-10,30.4,-81.07,Visual,1,Spring,,
2009-03-10,31.52,-80.91,Visual,1,Spring,,
2009-03-10,31.39,-80.68,Visual,1,Spring,,
2009-03-10,30.93,-80.95,Visual,1,Spring,,
2009-03-10,30.89,-80.95,Visual,1,Spring,,
2009-03-09,30.7,-81.15,Visual,1,Spring,,
2009-03-09,30.58,-81.17,Visual,1,Spring,,
2009-03-09,30.97,-81.2,Visual,1,Spring,,
2009-03-08,30.64,-81.12,Visual,1,Spring,,
2009-03-08,30.63,-81.22,Visual,1,Spring,,
2009-03-08,30.72,-81.18,Visual,1,Spring,,
2009-03-07,30.67,-81.08,Visual,1,Spring,,
2009-03-07,30.63,-81.31,Visual,1,Spring,,
2009-03-07,30.6,-81.29,Visual,1,Spring,,
2009-03-07,30.53,-81.08,Visual,1,Spring,,
2009-03-07,30.45,-81.16,Visual,1,Spring,,
2009-03-07,30.26,-81.38,Visual,1,Spring,,
2009-03-07,31.1,-81.17,Visual,1,Spring,,
2009-03-07,31.0,-80.96,Visual,1,Spring,,
2009-03-07,29.94,-80.97,Visual,1,Spring,,
2009-03-07,30.18,-81.19,Visual,1,Spring,,
2009-03-07,30.18,-81.17,Visual,1,Spring,,
2009-03-06,30.86,-81.07,Visual,1,Spring,,
2009-03-06,30.79,-81.3,Visual,1,Spring,,
2009-03-06,30.69,-81.29,Visual,1,Spring,,
2009-03-06,33.43,-79.08,Visual,1,Spring,,
2009-03-06,28.84,-80.47,Visual,1,Spring,,
2009-03-06,30.57,-81.17,Visual,1,Spring,,
2009-03-06,30.55,-81.4,Visual,1,Spring,,
2009-03-06,30.29,-81.07,Visual,1,Spring,,
2009-03-05,30.78,-81.38,Visual,1,Spring,,
2009-03-05,29.27,-80.98,Visual,1,Spring,,
2009-03-05,29.22,-80.67,Visual,1,Spring,,
2009-03-05,30.52,-81.41,Visual,1,Spring,,
2009-03-05,29.78,-81.21,Visual,1,Spring,,
2009-03-05,29.27,-81.02,Visual,1,Spring,,
2009-03-05,29.29,-81.01,Visual,1,Spring,,
2009-03-05,29.28,-80.91,Visual,1,Spring,,
2009-03-04,32.47,-79.62,Visual,1,Spring,,
2009-03-04,32.72,-79.46,Visual,1,Spring,,
2009-03-04,30.06,-80.78,Visual,1,Spring,,
2009-02-28,30.67,-81.13,Visual,1,Winter,,
2009-02-28,30.46,-81.4,Visual,1,Winter,,
2009-02-28,30.31,-81.13,Visual,1,Winter,,
2009-02-27,30.76,-81.26,Visual,1,Winter,,
2009-02-27,30.4,-81.35,Visual,1,Winter,,
2009-02-27,30.37,-81.35,Visual,1,Winter,,
2009-02-27,30.31,-81.16,Visual,1,Winter,,
2009-02-27,30.33,-81.11,Visual,1,Winter,,
2009-02-27,30.33,-81.14,Visual,1,Winter,,
2009-02-27,30.29,-81.05,Visual,1,Winter,,
2009-02-27,30.32,-81.24,Visual,1,Winter,,
2009-02-27,31.77,-80.7,Visual,1,Winter,,
2009-02-27,31.7,-80.56,Visual,1,Winter,,
2009-02-27,29.88,-81.2,Visual,1,Winter,,
2009-02-27,30.3,-81.25,Visual,1,Winter,,
2009-02-26,30.73,-81.38,Visual,1,Winter,,
2009-02-26,30.73,-81.2,Visual,1,Winter,,
2009-02-26,30.46,-81.17,Visual,1,Winter,,
2009-02-26,30.5,-81.29,Visual,1,Winter,,
2009-02-26,30.51,-81.29,Visual,1,Winter,,
2009-02-26,30.47,-81.38,Visual,1,Winter,,
2009-02-26,30.48,-81.38,Visual,1,Winter,,
2009-02-26,30.45,-81.22,Visual,1,Winter,,
2009-02-26,30.36,-81.29,Visual,1,Winter,,
2009-02-26,30.39,-81.27,Visual,1,Winter,,
2009-02-26,32.21,-80.2,Visual,1,Winter,,
2009-02-26,32.45,-79.59,Visual,1,Winter,,
2009-02-26,31.51,-80.65,Visual,1,Winter,,
2009-02-26,31.49,-80.66,Visual,1,Winter,,
2009-02-26,31.43,-80.86,Visual,1,Winter,,
2009-02-26,30.03,-81.14,Visual,1,Winter,,
2009-02-26,30.05,-81.26,Visual,1,Winter,,
2009-02-26,30.17,-81.26,Visual,1,Winter,,
2009-02-25,30.8,-81.13,Visual,1,Winter,,
2009-02-25,30.69,-81.33,Visual,1,Winter,,
2009-02-25,30.58,-81.26,Visual,1,Winter,,
2009-02-25,30.27,-81.2,Visual,1,Winter,,
2009-02-25,33.34,-79.01,Visual,1,Winter,,
2009-02-25,30.2,-81.17,Visual,1,Winter,,
2009-02-22,30.83,-81.29,Visual,1,Winter,,
2009-02-22,30.84,-81.29,Visual,1,Winter,,
2009-02-22,30.82,-81.3,Visual,1,Winter,,
2009-02-22,29.88,-81.25,Visual,1,Winter,,
2009-02-21,31.4,-81.11,Visual,1,Winter,,
2009-02-21,31.26,-80.89,Visual,1,Winter,,
2009-02-21,31.09,-81.09,Visual,1,Winter,,
2009-02-21,31.03,-81.19,Visual,1,Winter,,
2009-02-21,31.03,-81.18,Visual,1,Winter,,
2009-02-21,30.94,-81.19,Visual,1,Winter,,
2009-02-21,30.68,-81.32,Visual,1,Winter,,
2009-02-21,30.66,-81.29,Visual,1,Winter,,
2009-02-21,30.87,-81.39,Visual,1,Winter,,
2009-02-21,30.61,-81.2,Visual,1,Winter,,
2009-02-21,30.59,-81.17,Visual,1,Winter,,
2009-02-21,30.52,-81.15,Visual,1,Winter,,
2009-02-21,30.39,-81.08,Visual,1,Winter,,
2009-02-19,30.32,-81.25,Visual,1,Winter,,
2009-02-19,30.33,-81.13,Visual,1,Winter,,
2009-02-19,30.23,-81.31,Visual,1,Winter,,
2009-02-19,30.8,-81.27,Visual,1,Winter,,
2009-02-17,30.74,-81.23,Visual,1,Winter,,
2009-02-17,30.7,-80.85,Visual,1,Winter,,
2009-02-17,30.48,-81.19,Visual,1,Winter,,
2009-02-17,30.49,-81.19,Visual,1,Winter,,
2009-02-17,30.46,-81.29,Visual,1,Winter,,
2009-02-17,30.49,-81.2,Visual,1,Winter,,
2009-02-17,30.39,-80.96,Visual,1,Winter,,
2009-02-17,30.29,-80.96,Visual,1,Winter,,
2009-02-17,30.26,-81.03,Visual,1,Winter,,
2009-02-17,30.11,-81.28,Visual,1,Winter,,
2009-02-17,30.23,-81.13,Visual,1,Winter,,
2009-02-15,30.41,-81.24,Visual,1,Winter,,
2009-02-15,30.61,-81.13,Visual,1,Winter,,
2009-02-15,30.63,-81.19,Visual,1,Winter,,
2009-02-14,30.63,-81.18,Visual,1,Winter,,
2009-02-13,30.82,-81.13,Visual,1,Winter,,
2009-02-13,30.47,-81.18,Visual,1,Winter,,
2009-02-13,30.49,-81.2,Visual,1,Winter,,
2009-02-13,30.43,-81.31,Visual,1,Winter,,
2009-02-13,30.93,-81.24,Visual,1,Winter,,
2009-02-13,30.99,-81.26,Visual,1,Winter,,
2009-02-13,30.97,-81.14,Visual,1,Winter,,
2009-02-13,31.03,-81.09,Visual,1,Winter,,
2009-02-13,31.02,-81.26,Visual,1,Winter,,
2009-02-13,31.03,-81.27,Visual,1,Winter,,
2009-02-13,31.22,-81.07,Visual,1,Winter,,
2009-02-13,31.38,-81.08,Visual,1,Winter,,
2009-02-12,30.3,-81.17,Visual,1,Winter,,
2009-02-12,30.3,-81.08,Visual,1,Winter,,
2009-02-12,30.31,-81.06,Visual,1,Winter,,
2009-02-12,30.35,-81.16,Visual,1,Winter,,
2009-02-12,30.39,-81.1,Visual,1,Winter,,
2009-02-12,30.37,-81.05,Visual,1,Winter,,
2009-02-12,30.6,-80.96,Visual,1,Winter,,
2009-02-12,30.74,-81.18,Visual,1,Winter,,
2009-02-12,30.71,-81.35,Visual,1,Winter,,
2009-02-12,30.72,-81.38,Visual,1,Winter,,
2009-02-12,30.83,-81.22,Visual,1,Winter,,
2009-02-12,31.88,-80.6,Visual,1,Winter,,
2009-02-12,31.61,-80.8,Visual,1,Winter,,
2009-02-11,30.57,-80.92,Visual,1,Winter,,
2009-02-11,30.49,-81.03,Visual,1,Winter,,
2009-02-11,30.5,-81.29,Visual,1,Winter,,
2009-02-11,30.39,-81.11,Visual,1,Winter,,
2009-02-11,30.39,-81.29,Visual,1,Winter,,
2009-02-10,30.27,-81.2,Visual,1,Winter,,
2009-02-10,30.36,-80.83,Visual,1,Winter,,
2009-02-10,30.62,-81.19,Visual,1,Winter,,
2009-02-10,30.78,-81.44,Visual,1,Winter,,
2009-02-10,30.87,-81.06,Visual,1,Winter,,
2009-02-10,30.86,-81.06,Visual,1,Winter,,
2009-02-10,31.55,-80.92,Visual,1,Winter,,
2009-02-10,31.04,-81.07,Visual,1,Winter,,
2009-02-10,30.88,-81.05,Visual,1,Winter,,
2009-02-10,30.9,-81.12,Visual,1,Winter,,
2009-02-10,29.87,-81.13,Visual,1,Winter,,
2009-02-09,30.27,-81.34,Visual,1,Winter,,
2009-02-09,30.58,-81.17,Visual,1,Winter,,
2009-02-09,30.56,-81.42,Visual,1,Winter,,
2009-02-09,30.71,-81.11,Visual,1,Winter,,
2009-02-09,31.0,-81.04,Visual,1,Winter,,
2009-02-09,31.0,-81.03,Visual,1,Winter,,
2009-02-09,29.99,-80.89,Visual,1,Winter,,
2009-02-08,30.48,-81.18,Visual,1,Winter,,
2009-02-08,30.49,-81.17,Visual,1,Winter,,
2009-02-08,30.33,-81.18,Visual,1,Winter,,
2009-02-08,30.77,-81.26,Visual,1,Winter,,
2009-02-08,30.75,-81.27,Visual,1,Winter,,
2009-02-08,30.75,-81.42,Visual,1,Winter,,
2009-02-08,31.72,-80.7,Visual,1,Winter,,
2009-02-08,31.13,-80.86,Visual,1,Winter,,
2009-02-08,30.92,-81.12,Visual,1,Winter,,
2009-02-08,30.87,-81.2,Visual,1,Winter,,
2009-02-08,30.87,-81.18,Visual,1,Winter,,
2009-02-08,30.87,-81.19,Visual,1,Winter,,
2009-02-08,29.79,-81.09,Visual,1,Winter,,
2009-02-08,30.02,-81.15,Visual,1,Winter,,
2009-02-08,30.17,-81.24,Visual,1,Winter,,
2009-02-08,30.24,-81.17,Visual,1,Winter,,
2009-02-07,30.43,-81.35,Visual,1,Winter,,
2009-02-07,30.48,-81.21,Visual,1,Winter,,
2009-02-07,30.49,-81.19,Visual,1,Winter,,
2009-02-07,30.51,-81.08,Visual,1,Winter,,
2009-02-07,30.57,-81.23,Visual,1,Winter,,
2009-02-07,30.56,-81.06,Visual,1,Winter,,
2009-02-07,30.66,-81.26,Visual,1,Winter,,
2009-02-07,30.74,-81.19,Visual,1,Winter,,
2009-02-07,30.73,-81.22,Visual,1,Winter,,
2009-02-07,30.73,-81.3,Visual,1,Winter,,
2009-02-07,30.82,-80.86,Visual,1,Winter,,
2009-02-07,30.85,-81.26,Visual,1,Winter,,
2009-02-07,30.84,-81.35,Visual,1,Winter,,
2009-02-07,32.97,-79.21,Visual,1,Winter,,
2009-02-07,30.9,-81.22,Visual,1,Winter,,
2009-02-07,30.94,-81.26,Visual,1,Winter,,
2009-02-07,31.07,-81.0,Visual,1,Winter,,
2009-02-07,31.25,-81.16,Visual,1,Winter,,
2009-02-07,31.33,-80.97,Visual,1,Winter,,
2009-02-07,31.44,-80.83,Visual,1,Winter,,
2009-02-07,30.18,-81.36,Visual,1,Winter,,
2009-02-07,29.88,-81.08,Visual,1,Winter,,
2009-02-07,29.88,-81.09,Visual,1,Winter,,
2009-02-07,29.97,-81.16,Visual,1,Winter,,
2009-02-06,30.49,-81.31,Visual,1,Winter,,
2009-02-06,30.69,-81.38,Visual,1,Winter,,
2009-02-06,30.67,-81.3,Visual,1,Winter,,
2009-02-06,30.78,-81.28,Visual,1,Winter,,
2009-02-06,30.79,-81.21,Visual,1,Winter,,
2009-02-06,31.28,-80.98,Visual,1,Winter,,
2009-02-06,31.09,-81.16,Visual,1,Winter,,
2009-02-06,30.07,-81.27,Visual,1,Winter,,
2009-02-06,30.03,-80.84,Visual,1,Winter,,
2009-02-06,29.89,-81.18,Visual,1,Winter,,
2009-02-06,29.82,-80.88,Visual,1,Winter,,
2009-02-06,29.48,-81.1,Visual,1,Winter,,
2009-02-06,29.5,-81.13,Visual,1,Winter,,
2009-02-06,29.5,-81.11,Visual,1,Winter,,
2009-02-05,30.51,-81.4,Visual,1,Winter,,
2009-02-05,30.59,-81.41,Visual,1,Winter,,
2009-02-05,30.58,-81.37,Visual,1,Winter,,
2009-02-05,30.59,-81.34,Visual,1,Winter,,
2009-02-05,30.55,-81.28,Visual,1,Winter,,
2009-02-05,30.74,-81.34,Visual,1,Winter,,
2009-02-02,30.25,-81.32,Visual,1,Winter,,
2009-02-02,30.28,-81.32,Visual,1,Winter,,
2009-02-02,30.28,-81.3,Visual,1,Winter,,
2009-02-02,30.28,-81.31,Visual,1,Winter,,
2009-02-02,30.7,-81.32,Visual,1,Winter,,
2009-02-02,30.7,-81.33,Visual,1,Winter,,
2009-02-02,30.84,-81.34,Visual,1,Winter,,
2009-02-02,31.26,-81.18,Visual,1,Winter,,
2009-02-02,31.37,-81.19,Visual,1,Winter,,
2009-02-02,31.24,-81.17,Visual,1,Winter,,
2009-02-02,31.16,-80.92,Visual,1,Winter,,
2009-02-02,31.07,-80.99,Visual,1,Winter,,
2009-02-02,31.05,-80.98,Visual,1,Winter,,
2009-02-02,30.93,-81.26,Visual,1,Winter,,
2009-02-02,29.98,-81.27,Visual,1,Winter,,
2009-02-02,29.96,-81.22,Visual,1,Winter,,
2009-02-02,29.23,-81.0,Visual,1,Winter,,
2009-02-02,29.39,-81.07,Visual,1,Winter,,
2009-02-02,29.46,-81.07,Visual,1,Winter,,
2009-02-02,29.66,-81.16,Visual,1,Winter,,
2009-02-01,30.72,-81.24,Visual,1,Winter,,
2009-02-01,30.75,-81.26,Visual,1,Winter,,
2009-02-01,30.8,-81.34,Visual,1,Winter,,
2009-02-01,30.77,-81.26,Visual,1,Winter,,
2009-02-01,30.77,-81.25,Visual,1,Winter,,
2009-02-01,30.5,-81.38,Visual,1,Winter,,
2009-02-01,30.45,-81.25,Visual,1,Winter,,
2009-02-01,30.36,-81.21,Visual,1,Winter,,
2009-02-01,30.31,-81.2,Visual,1,Winter,,
2009-02-01,30.27,-81.3,Visual,1,Winter,,
2009-02-01,32.22,-79.9,Visual,1,Winter,,
2009-02-01,31.16,-81.19,Visual,1,Winter,,
2009-02-01,31.17,-81.1,Visual,1,Winter,,
2009-02-01,31.09,-81.22,Visual,1,Winter,,
2009-02-01,31.33,-81.17,Visual,1,Winter,,
2009-02-01,30.19,-81.12,Visual,1,Winter,,
2009-02-01,30.19,-81.16,Visual,1,Winter,,
2009-02-01,30.14,-81.18,Visual,1,Winter,,
2009-02-01,30.15,-81.18,Visual,1,Winter,,
2009-02-01,30.06,-80.92,Visual,1,Winter,,
2009-02-01,29.77,-81.12,Visual,1,Winter,,
2009-02-01,29.5,-81.07,Visual,1,Winter,,
2009-02-01,29.51,-81.09,Visual,1,Winter,,
2009-02-01,29.8,-81.23,Visual,1,Winter,,
2009-01-31,30.7,-81.37,Visual,1,Winter,,
2009-01-31,30.65,-81.31,Visual,1,Winter,,
2009-01-31,30.61,-81.07,Visual,1,Winter,,
2009-01-31,30.72,-81.03,Visual,1,Winter,,
2009-01-31,30.79,-80.99,Visual,1,Winter,,
2009-01-31,30.83,-81.26,Visual,1,Winter,,
2009-01-31,32.02,-80.59,Visual,1,Winter,,
2009-01-31,31.84,-80.83,Visual,1,Winter,,
2009-01-31,31.79,-80.49,Visual,1,Winter,,
2009-01-31,31.66,-80.93,Visual,1,Winter,,
2009-01-31,30.53,-81.07,Visual,1,Winter,,
2009-01-31,30.58,-81.07,Visual,1,Winter,,
2009-01-31,30.56,-81.07,Visual,1,Winter,,
2009-01-28,30.44,-81.16,Visual,1,Winter,,
2009-01-28,30.31,-81.2,Visual,1,Winter,,
2009-01-28,30.58,-81.32,Visual,1,Winter,,
2009-01-28,30.65,-81.3,Visual,1,Winter,,
2009-01-28,30.64,-81.36,Visual,1,Winter,,
2009-01-28,30.72,-81.18,Visual,1,Winter,,
2009-01-28,30.74,-81.31,Visual,1,Winter,,
2009-01-25,29.79,-81.05,Visual,1,Winter,,
2009-01-24,30.5,-81.21,Visual,1,Winter,,
2009-01-24,30.64,-81.12,Visual,1,Winter,,
2009-01-24,30.63,-81.35,Visual,1,Winter,,
2009-01-24,30.71,-81.25,Visual,1,Winter,,
2009-01-24,31.29,-81.13,Visual,1,Winter,,
2009-01-24,31.13,-81.03,Visual,1,Winter,,
2009-01-23,30.28,-81.16,Visual,1,Winter,,
2009-01-23,30.53,-81.05,Visual,1,Winter,,
2009-01-23,30.54,-81.31,Visual,1,Winter,,
2009-01-23,30.61,-81.26,Visual,1,Winter,,
2009-01-23,30.57,-81.21,Visual,1,Winter,,
2009-01-23,30.59,-81.07,Visual,1,Winter,,
2009-01-23,30.71,-81.27,Visual,1,Winter,,
2009-01-23,30.7,-81.27,Visual,1,Winter,,
2009-01-23,30.77,-81.35,Visual,1,Winter,,
2009-01-23,30.81,-81.3,Visual,1,Winter,,
2009-01-23,30.08,-81.21,Visual,1,Winter,,
2009-01-23,30.06,-81.23,Visual,1,Winter,,
2009-01-23,30.11,-81.22,Visual,1,Winter,,
2009-01-23,30.14,-81.24,Visual,1,Winter,,
2009-01-22,30.35,-81.21,Visual,1,Winter,,
2009-01-22,30.58,-81.4,Visual,1,Winter,,
2009-01-22,30.67,-81.08,Visual,1,Winter,,
2009-01-22,30.69,-81.23,Visual,1,Winter,,
2009-01-22,30.7,-81.31,Visual,1,Winter,,
2009-01-22,30.73,-81.3,Visual,1,Winter,,
2009-01-22,30.83,-81.19,Visual,1,Winter,,
2009-01-22,30.82,-81.23,Visual,1,Winter,,
2009-01-22,31.05,-81.26,Visual,1,Winter,,
2009-01-22,31.23,-81.17,Visual,1,Winter,,
2009-01-22,31.06,-81.27,Visual,1,Winter,,
2009-01-22,32.24,-80.4,Visual,1,Winter,,
2009-01-22,30.48,-81.05,Visual,1,Winter,,
2009-01-22,30.53,-81.12,Visual,1,Winter,,
2009-01-22,30.59,-81.29,Visual,1,Winter,,
2009-01-22,30.49,-81.19,Visual,1,Winter,,
2009-01-21,30.73,-81.23,Visual,1,Winter,,
2009-01-21,30.72,-81.24,Visual,1,Winter,,
2009-01-21,30.78,-81.28,Visual,1,Winter,,
2009-01-21,30.78,-81.29,Visual,1,Winter,,
2009-01-21,30.87,-81.19,Visual,1,Winter,,
2009-01-21,31.12,-81.12,Visual,1,Winter,,
2009-01-21,31.12,-81.18,Visual,1,Winter,,
2009-01-21,31.25,-80.92,Visual,1,Winter,,
2009-01-21,33.02,-79.22,Visual,1,Winter,,
2009-01-21,32.95,-79.29,Visual,1,Winter,,
2009-01-21,30.55,-81.35,Visual,1,Winter,,
2009-01-21,30.62,-81.07,Visual,1,Winter,,
2009-01-21,30.62,-81.06,Visual,1,Winter,,
2009-01-19,30.83,-81.32,Visual,1,Winter,,
2009-01-19,30.85,-81.25,Visual,1,Winter,,
2009-01-19,30.84,-81.18,Visual,1,Winter,,
2009-01-19,31.23,-81.22,Visual,1,Winter,,
2009-01-19,31.43,-80.81,Visual,1,Winter,,
2009-01-19,31.39,-80.74,Visual,1,Winter,,
2009-01-19,31.08,-81.22,Visual,1,Winter,,
2009-01-19,31.08,-81.29,Visual,1,Winter,,
2009-01-19,30.88,-81.21,Visual,1,Winter,,
2009-01-18,30.65,-81.21,Visual,1,Winter,,
2009-01-18,30.56,-81.23,Visual,1,Winter,,
2009-01-18,30.59,-81.23,Visual,1,Winter,,
2009-01-18,30.08,-81.23,Visual,1,Winter,,
2009-01-18,30.07,-81.23,Visual,1,Winter,,
2009-01-18,31.17,-79.84,Visual,1,Winter,,
2009-01-18,30.03,-81.18,Visual,1,Winter,,
2009-01-18,30.01,-81.24,Visual,1,Winter,,
2009-01-18,30.01,-81.25,Visual,1,Winter,,
2009-01-15,30.6,-81.31,Visual,1,Winter,,
2009-01-15,30.16,-81.15,Visual,1,Winter,,
2009-01-15,30.23,-81.11,Visual,1,Winter,,
2009-01-14,30.84,-81.19,Visual,1,Winter,,
2009-01-14,30.84,-81.2,Visual,1,Winter,,
2009-01-14,30.47,-81.19,Visual,1,Winter,,
2009-01-14,30.47,-81.2,Visual,1,Winter,,
2009-01-14,30.35,-81.28,Visual,1,Winter,,
2009-01-14,31.07,-81.18,Visual,1,Winter,,
2009-01-14,30.96,-81.29,Visual,1,Winter,,
2009-01-14,30.9,-81.22,Visual,1,Winter,,
2009-01-14,30.87,-81.23,Visual,1,Winter,,
2009-01-14,29.85,-81.14,Visual,1,Winter,,
2009-01-14,29.87,-81.14,Visual,1,Winter,,
2009-01-11,30.57,-81.35,Visual,1,Winter,,
2009-01-11,30.56,-81.33,Visual,1,Winter,,
2009-01-11,30.53,-81.26,Visual,1,Winter,,
2009-01-10,30.35,-81.23,Visual,1,Winter,,
2009-01-10,30.53,-81.28,Visual,1,Winter,,
2009-01-10,30.59,-81.15,Visual,1,Winter,,
2009-01-10,30.74,-81.21,Visual,1,Winter,,
2009-01-10,30.67,-81.34,Visual,1,Winter,,
2009-01-10,30.73,-81.33,Visual,1,Winter,,
2009-01-10,31.94,-80.62,Visual,1,Winter,,
2009-01-10,31.71,-80.98,Visual,1,Winter,,
2009-01-10,31.69,-80.8,Visual,1,Winter,,
2009-01-10,31.67,-80.9,Visual,1,Winter,,
2009-01-10,31.62,-80.9,Visual,1,Winter,,
2009-01-10,31.43,-80.72,Visual,1,Winter,,
2009-01-10,31.28,-80.74,Visual,1,Winter,,
2009-01-10,31.26,-81.11,Visual,1,Winter,,
2009-01-10,31.24,-81.21,Visual,1,Winter,,
2009-01-09,30.6,-81.42,Visual,1,Winter,,
2009-01-09,30.53,-81.28,Visual,1,Winter,,
2009-01-09,30.53,-81.27,Visual,1,Winter,,
2009-01-09,30.52,-81.2,Visual,1,Winter,,
2009-01-09,32.4,-80.05,Visual,1,Winter,,
2009-01-08,30.78,-81.32,Visual,1,Winter,,
2009-01-05,30.64,-81.21,Visual,1,Winter,,
2009-01-05,30.73,-81.31,Visual,1,Winter,,
2009-01-05,30.84,-80.9,Visual,1,Winter,,
2009-01-05,30.81,-81.27,Visual,1,Winter,,
2009-01-05,32.4,-80.09,Visual,1,Winter,,
2009-01-05,31.45,-81.08,Visual,1,Winter,,
2009-01-05,31.13,-81.18,Visual,1,Winter,,
2009-01-05,31.15,-81.14,Visual,1,Winter,,
2009-01-05,31.15,-80.92,Visual,1,Winter,,
2009-01-05,31.09,-81.23,Visual,1,Winter,,
2009-01-05,31.08,-81.25,Visual,1,Winter,,
2009-01-05,29.81,-81.15,Visual,1,Winter,,
2009-01-04,30.87,-81.27,Visual,1,Winter,,
2009-01-04,30.86,-81.29,Visual,1,Winter,,
2009-01-04,30.66,-81.22,Visual,1,Winter,,
2009-01-04,30.7,-81.32,Visual,1,Winter,,
2009-01-04,30.66,-81.38,Visual,1,Winter,,
2009-01-04,30.37,-81.28,Visual,1,Winter,,
2009-01-04,31.05,-81.16,Visual,1,Winter,,
2009-01-04,31.15,-81.16,Visual,1,Winter,,
2009-01-04,31.23,-81.06,Visual,1,Winter,,
2009-01-04,31.21,-81.17,Visual,1,Winter,,
2009-01-04,31.33,-81.03,Visual,1,Winter,,
2009-01-04,31.11,-81.26,Visual,1,Winter,,
2009-01-04,31.1,-81.27,Visual,1,Winter,,
2009-01-04,31.06,-81.28,Visual,1,Winter,,
2009-01-04,31.04,-81.26,Visual,1,Winter,,
2009-01-04,31.04,-81.25,Visual,1,Winter,,
2009-01-04,31.06,-81.25,Visual,1,Winter,,
2009-01-04,31.4,-80.97,Visual,1,Winter,,
2009-01-04,29.9,-81.15,Visual,1,Winter,,
2009-01-02,30.26,-81.21,Visual,1,Winter,,
2009-01-02,30.58,-81.31,Visual,1,Winter,,
2009-01-02,30.6,-81.2,Visual,1,Winter,,
2009-01-02,30.64,-81.22,Visual,1,Winter,,
2009-01-02,30.7,-81.34,Visual,1,Winter,,
2009-01-02,30.68,-81.23,Visual,1,Winter,,
2009-01-02,30.84,-81.33,Visual,1,Winter,,
2009-01-02,31.61,-80.94,Visual,1,Winter,,
2009-01-02,31.3,-81.14,Visual,1,Winter,,
2009-01-02,31.43,-80.94,Visual,1,Winter,,
2009-01-02,29.92,-81.13,Visual,1,Winter,,
2009-01-02,29.97,-81.11,Visual,1,Winter,,
2009-01-02,30.21,-81.2,Visual,1,Winter,,
2009-01-02,30.22,-81.27,Visual,1,Winter,,
2008-12-30,30.58,-81.38,Visual,1,Winter,,
2008-12-30,30.57,-81.18,Visual,1,Winter,,
2008-12-30,30.58,-81.17,Visual,1,Winter,,
2008-12-30,30.68,-81.34,Visual,1,Winter,,
2008-12-30,31.53,-80.76,Visual,1,Winter,,
2008-12-30,31.48,-81.03,Visual,1,Winter,,
2008-12-30,31.04,-81.07,Visual,1,Winter,,
2008-12-30,31.02,-80.89,Visual,1,Winter,,
2008-12-30,31.0,-81.16,Visual,1,Winter,,
2008-12-30,30.92,-81.0,Visual,1,Winter,,
2008-12-30,29.86,-81.0,Visual,1,Winter,,
2008-12-30,30.01,-81.19,Visual,1,Winter,,
2008-12-30,30.01,-81.18,Visual,1,Winter,,
2008-12-30,30.18,-81.26,Visual,1,Winter,,
2008-12-29,30.62,-81.14,Visual,1,Winter,,
2008-12-29,30.69,-81.33,Visual,1,Winter,,
2008-12-29,30.83,-81.38,Visual,1,Winter,,
2008-12-29,31.03,-81.02,Visual,1,Winter,,
2008-12-29,30.97,-81.17,Visual,1,Winter,,
2008-12-29,30.99,-81.28,Visual,1,Winter,,
2008-12-29,30.92,-81.25,Visual,1,Winter,,
2008-12-28,30.6,-81.16,Visual,1,Winter,,
2008-12-28,30.71,-81.31,Visual,1,Winter,,
2008-12-28,30.66,-81.31,Visual,1,Winter,,
2008-12-28,30.66,-81.32,Visual,1,Winter,,
2008-12-28,30.65,-81.19,Visual,1,Winter,,
2008-12-28,30.44,-81.29,Visual,1,Winter,,
2008-12-28,31.18,-81.14,Visual,1,Winter,,
2008-12-28,29.93,-81.13,Visual,1,Winter,,
2008-12-27,30.82,-81.26,Visual,1,Winter,,
2008-12-27,30.74,-81.27,Visual,1,Winter,,
2008-12-27,30.53,-81.26,Visual,1,Winter,,
2008-12-27,30.39,-81.16,Visual,1,Winter,,
2008-12-27,30.29,-81.19,Visual,1,Winter,,
2008-12-27,30.27,-81.2,Visual,1,Winter,,
2008-12-27,30.1,-81.21,Visual,1,Winter,,
2008-12-27,30.09,-81.3,Visual,1,Winter,,
2008-12-27,30.07,-81.29,Visual,1,Winter,,
2008-12-26,29.74,-81.19,Visual,1,Winter,,
2008-12-26,29.78,-81.23,Visual,1,Winter,,
2008-12-25,30.6,-81.3,Visual,1,Winter,,
2008-12-25,30.62,-81.29,Visual,1,Winter,,
2008-12-25,30.59,-81.34,Visual,1,Winter,,
2008-12-24,30.42,-81.24,Visual,1,Winter,,
2008-12-24,30.57,-81.3,Visual,1,Winter,,
2008-12-24,30.75,-81.19,Visual,1,Winter,,
2008-12-21,30.57,-81.32,Visual,1,Winter,,
2008-12-20,31.03,-81.16,Visual,1,Winter,,
2008-12-20,30.99,-81.23,Visual,1,Winter,,
2008-12-19,31.13,-81.04,Visual,1,Winter,,
2008-12-19,30.93,-81.22,Visual,1,Winter,,
2008-12-19,30.78,-81.28,Visual,1,Winter,,
2008-12-19,30.45,-81.22,Visual,1,Winter,,
2008-12-19,30.64,-81.26,Visual,1,Winter,,
2008-12-18,30.54,-81.16,Visual,1,Winter,,
2008-12-18,30.59,-81.33,Visual,1,Winter,,
2008-12-18,31.97,-80.67,Visual,1,Winter,,
2008-12-18,31.56,-80.9,Visual,1,Winter,,
2008-12-18,31.55,-80.9,Visual,1,Winter,,
2008-12-18,31.03,-81.13,Visual,1,Winter,,
2008-12-18,30.89,-81.22,Visual,1,Winter,,
2008-12-18,30.87,-81.21,Visual,1,Winter,,
2008-12-18,29.88,-81.14,Visual,1,Winter,,
2008-12-18,29.91,-81.07,Visual,1,Winter,,
2008-12-15,30.71,-81.27,Visual,1,Winter,,
2008-12-15,30.84,-81.27,Visual,1,Winter,,
2008-12-08,30.44,-81.19,Visual,1,Winter,,
2008-12-06,30.53,-81.24,Visual,1,Winter,,
2008-12-06,30.75,-81.0,Visual,1,Winter,,
2008-12-06,32.55,-80.04,Visual,1,Winter,,
2008-12-05,31.49,-81.08,Visual,1,Winter,,
2008-12-05,31.18,-81.22,Visual,1,Winter,,
2008-12-05,30.93,-81.18,Visual,1,Winter,,
2008-12-05,30.86,-81.24,Visual,1,Winter,,
2008-12-04,30.79,-81.28,Visual,1,Winter,,
2008-12-04,31.58,-80.9,Visual,1,Winter,,
2008-12-04,31.11,-81.27,Visual,1,Winter,,
2008-12-04,31.51,-80.89,Visual,1,Winter,,
2008-12-03,30.67,-81.08,Visual,1,Winter,,
2008-12-03,30.75,-81.34,Visual,1,Winter,,
2008-12-03,30.93,-81.14,Visual,1,Winter,,
2008-12-03,31.11,-80.92,Visual,1,Winter,,
2008-12-03,31.12,-81.2,Visual,1,Winter,,
2008-12-03,31.39,-81.06,Visual,1,Winter,,
2008-12-03,31.51,-81.02,Visual,1,Winter,,
2008-12-02,32.13,-80.54,Visual,1,Winter,,
2008-12-02,32.13,-80.55,Visual,1,Winter,,
2008-11-24,32.14,-80.46,Visual,1,Fall,,
2008-11-24,31.98,-80.64,Visual,1,Fall,,
2008-11-23,32.56,-79.65,Visual,1,Fall,,
2008-04-14,33.13,-79.12,Visual,1,Spring,,
2008-04-06,32.07,-80.48,Visual,1,Spring,,
2008-03-29,30.63,-80.89,Visual,1,Spring,,
2008-03-28,30.97,-81.09,Visual,1,Spring,,
2008-03-28,31.39,-80.69,Visual,1,Spring,,
2008-03-27,30.83,-81.0,Visual,1,Spring,,
2008-03-27,32.11,-80.5,Visual,1,Spring,,
2008-03-27,30.87,-81.33,Visual,1,Spring,,
2008-03-27,31.49,-80.97,Visual,1,Spring,,
2008-03-26,30.35,-81.18,Visual,1,Spring,,
2008-03-26,30.34,-81.18,Visual,1,Spring,,
2008-03-26,31.09,-81.15,Visual,1,Spring,,
2008-03-22,32.48,-79.4,Visual,1,Spring,,
2008-03-22,30.93,-81.11,Visual,1,Spring,,
2008-03-13,32.41,-80.2,Visual,1,Spring,,
2008-03-13,32.39,-80.24,Visual,1,Spring,,
2008-03-13,31.11,-81.17,Visual,1,Spring,,
2008-03-12,29.8,-81.25,Visual,1,Spring,,
2008-03-11,30.96,-81.17,Visual,1,Spring,,
2008-03-11,31.11,-80.98,Visual,1,Spring,,
2008-03-11,31.31,-81.05,Visual,1,Spring,,
2008-03-11,31.38,-81.08,Visual,1,Spring,,
2008-03-10,30.57,-81.39,Visual,1,Spring,,
2008-03-10,30.42,-81.28,Visual,1,Spring,,
2008-03-10,32.0,-80.48,Visual,1,Spring,,
2008-03-10,31.83,-80.77,Visual,1,Spring,,
2008-03-10,31.86,-80.77,Visual,1,Spring,,
2008-03-10,31.95,-80.75,Visual,1,Spring,,
2008-03-10,31.34,-81.05,Visual,1,Spring,,
2008-03-06,30.59,-81.18,Visual,1,Spring,,
2008-03-06,30.6,-81.13,Visual,1,Spring,,
2008-03-06,30.62,-81.25,Visual,1,Spring,,
2008-03-06,30.64,-80.99,Visual,1,Spring,,
2008-03-06,31.5,-80.69,Visual,1,Spring,,
2008-03-06,31.49,-80.7,Visual,1,Spring,,
2008-03-06,31.32,-81.17,Visual,1,Spring,,
2008-03-06,30.93,-81.07,Visual,1,Spring,,
2008-03-06,30.16,-81.05,Visual,1,Spring,,
2008-03-05,30.44,-81.06,Visual,1,Spring,,
2008-03-05,30.6,-81.17,Visual,1,Spring,,
2008-03-05,30.74,-81.16,Visual,1,Spring,,
2008-03-05,30.79,-81.11,Visual,1,Spring,,
2008-03-05,30.78,-81.12,Visual,1,Spring,,
2008-03-05,30.27,-81.25,Visual,1,Spring,,
2008-03-03,30.44,-81.22,Visual,1,Spring,,
2008-03-03,30.52,-81.15,Visual,1,Spring,,
2008-03-03,30.52,-81.31,Visual,1,Spring,,
2008-03-03,30.52,-81.3,Visual,1,Spring,,
2008-03-02,30.54,-81.05,Visual,1,Spring,,
2008-03-02,30.52,-81.2,Visual,1,Spring,,
2008-03-02,30.75,-81.29,Visual,1,Spring,,
2008-03-02,31.55,-80.97,Visual,1,Spring,,
2008-03-02,31.43,-81.05,Visual,1,Spring,,
2008-03-02,31.37,-80.89,Visual,1,Spring,,
2008-03-02,31.11,-80.94,Visual,1,Spring,,
2008-03-02,31.07,-80.95,Visual,1,Spring,,
2008-03-02,31.08,-80.96,Visual,1,Spring,,
2008-03-02,29.83,-80.85,Visual,1,Spring,,
2008-03-02,29.95,-81.08,Visual,1,Spring,,
2008-03-01,30.82,-80.81,Visual,1,Spring,,
2008-03-01,30.77,-81.2,Visual,1,Spring,,
2008-03-01,30.63,-81.13,Visual,1,Spring,,
2008-03-01,30.58,-81.19,Visual,1,Spring,,
2008-03-01,30.91,-80.89,Visual,1,Spring,,
2008-03-01,30.94,-81.19,Visual,1,Spring,,
2008-03-01,31.19,-81.21,Visual,1,Spring,,
2008-03-01,31.54,-81.05,Visual,1,Spring,,
2008-03-01,30.14,-80.91,Visual,1,Spring,,
2008-02-29,30.52,-81.28,Visual,1,Winter,,
2008-02-29,30.52,-81.18,Visual,1,Winter,,
2008-02-29,30.51,-81.24,Visual,1,Winter,,
2008-02-29,30.5,-81.28,Visual,1,Winter,,
2008-02-29,31.66,-80.76,Visual,1,Winter,,
2008-02-29,30.97,-81.34,Visual,1,Winter,,
2008-02-29,31.01,-81.28,Visual,1,Winter,,
2008-02-29,30.99,-81.27,Visual,1,Winter,,
2008-02-29,31.17,-81.08,Visual,1,Winter,,
2008-02-29,31.17,-81.07,Visual,1,Winter,,
2008-02-29,31.53,-81.04,Visual,1,Winter,,
2008-02-29,29.82,-81.03,Visual,1,Winter,,
2008-02-29,30.03,-81.15,Visual,1,Winter,,
2008-02-28,30.48,-81.21,Visual,1,Winter,,
2008-02-28,30.49,-81.23,Visual,1,Winter,,
2008-02-28,32.7,-79.45,Visual,1,Winter,,
2008-02-28,29.82,-81.08,Visual,1,Winter,,
2008-02-25,30.89,-81.12,Visual,1,Winter,,
2008-02-25,31.06,-81.27,Visual,1,Winter,,
2008-02-25,31.06,-81.16,Visual,1,Winter,,
2008-02-25,31.25,-81.13,Visual,1,Winter,,
2008-02-25,31.27,-80.96,Visual,1,Winter,,
2008-02-25,31.29,-80.97,Visual,1,Winter,,
2008-02-25,31.36,-81.06,Visual,1,Winter,,
2008-02-25,31.37,-81.05,Visual,1,Winter,,
2008-02-25,31.39,-81.07,Visual,1,Winter,,
2008-02-25,31.38,-81.06,Visual,1,Winter,,
2008-02-25,31.38,-81.07,Visual,1,Winter,,
2008-02-25,31.4,-81.04,Visual,1,Winter,,
2008-02-25,31.43,-81.03,Visual,1,Winter,,
2008-02-25,30.63,-81.3,Visual,1,Winter,,
2008-02-25,30.54,-81.33,Visual,1,Winter,,
2008-02-25,30.48,-81.2,Visual,1,Winter,,
2008-02-24,30.54,-81.26,Visual,1,Winter,,
2008-02-24,30.55,-81.26,Visual,1,Winter,,
2008-02-24,30.43,-81.4,Visual,1,Winter,,
2008-02-24,30.43,-81.26,Visual,1,Winter,,
2008-02-24,30.59,-81.24,Visual,1,Winter,,
2008-02-24,30.63,-81.24,Visual,1,Winter,,
2008-02-24,30.65,-81.15,Visual,1,Winter,,
2008-02-24,30.73,-81.45,Visual,1,Winter,,
2008-02-24,30.83,-81.11,Visual,1,Winter,,
2008-02-24,30.82,-80.96,Visual,1,Winter,,
2008-02-24,31.83,-80.63,Visual,1,Winter,,
2008-02-24,31.64,-80.63,Visual,1,Winter,,
2008-02-24,31.42,-81.08,Visual,1,Winter,,
2008-02-24,31.43,-81.08,Visual,1,Winter,,
2008-02-24,31.3,-80.98,Visual,1,Winter,,
2008-02-24,31.13,-80.89,Visual,1,Winter,,
2008-02-24,31.03,-81.21,Visual,1,Winter,,
2008-02-24,30.98,-81.24,Visual,1,Winter,,
2008-02-24,30.88,-81.03,Visual,1,Winter,,
2008-02-23,30.51,-81.22,Visual,1,Winter,,
2008-02-23,30.47,-81.22,Visual,1,Winter,,
2008-02-23,30.54,-81.09,Visual,1,Winter,,
2008-02-21,30.7,-81.35,Visual,1,Winter,,
2008-02-21,30.8,-81.18,Visual,1,Winter,,
2008-02-21,30.87,-81.22,Visual,1,Winter,,
2008-02-21,30.85,-81.34,Visual,1,Winter,,
2008-02-21,31.1,-80.89,Visual,1,Winter,,
2008-02-21,31.08,-80.87,Visual,1,Winter,,
2008-02-21,30.88,-81.11,Visual,1,Winter,,
2008-02-21,31.19,-81.15,Visual,1,Winter,,
2008-02-21,31.24,-81.0,Visual,1,Winter,,
2008-02-21,31.22,-81.16,Visual,1,Winter,,
2008-02-21,31.38,-80.83,Visual,1,Winter,,
2008-02-21,31.02,-81.27,Visual,1,Winter,,
2008-02-21,30.24,-81.14,Visual,1,Winter,,
2008-02-21,30.24,-81.17,Visual,1,Winter,,
2008-02-20,30.83,-81.14,Visual,1,Winter,,
2008-02-20,30.79,-81.27,Visual,1,Winter,,
2008-02-20,30.71,-81.25,Visual,1,Winter,,
2008-02-20,30.56,-81.1,Visual,1,Winter,,
2008-02-20,30.61,-81.19,Visual,1,Winter,,
2008-02-20,30.26,-81.19,Visual,1,Winter,,
2008-02-20,30.26,-81.18,Visual,1,Winter,,
2008-02-20,30.27,-81.19,Visual,1,Winter,,
2008-02-20,32.82,-79.37,Visual,1,Winter,,
2008-02-20,31.49,-81.09,Visual,1,Winter,,
2008-02-20,31.44,-80.74,Visual,1,Winter,,
2008-02-20,31.44,-80.64,Visual,1,Winter,,
2008-02-20,31.16,-81.18,Visual,1,Winter,,
2008-02-20,31.09,-81.01,Visual,1,Winter,,
2008-02-20,31.04,-81.3,Visual,1,Winter,,
2008-02-20,31.03,-81.18,Visual,1,Winter,,
2008-02-20,30.99,-81.17,Visual,1,Winter,,
2008-02-20,30.87,-81.3,Visual,1,Winter,,
2008-02-20,30.24,-81.29,Visual,1,Winter,,
2008-02-19,30.38,-81.38,Visual,1,Winter,,
2008-02-19,30.3,-81.23,Visual,1,Winter,,
2008-02-19,30.31,-81.25,Visual,1,Winter,,
2008-02-19,30.58,-81.29,Visual,1,Winter,,
2008-02-19,30.67,-81.21,Visual,1,Winter,,
2008-02-19,30.73,-81.26,Visual,1,Winter,,
2008-02-17,30.54,-81.38,Visual,1,Winter,,
2008-02-17,30.48,-81.37,Visual,1,Winter,,
2008-02-17,30.4,-81.08,Visual,1,Winter,,
2008-02-17,30.31,-81.39,Visual,1,Winter,,
2008-02-17,30.77,-81.27,Visual,1,Winter,,
2008-02-17,30.71,-81.24,Visual,1,Winter,,
2008-02-17,30.72,-81.22,Visual,1,Winter,,
2008-02-17,30.75,-81.18,Visual,1,Winter,,
2008-02-17,30.76,-81.18,Visual,1,Winter,,
2008-02-17,30.87,-81.18,Visual,1,Winter,,
2008-02-17,30.86,-81.23,Visual,1,Winter,,
2008-02-17,30.83,-81.23,Visual,1,Winter,,
2008-02-16,30.32,-81.38,Visual,1,Winter,,
2008-02-16,30.55,-81.18,Visual,1,Winter,,
2008-02-16,30.57,-81.2,Visual,1,Winter,,
2008-02-16,30.69,-81.35,Visual,1,Winter,,
2008-02-16,30.72,-81.22,Visual,1,Winter,,
2008-02-16,30.73,-81.22,Visual,1,Winter,,
2008-02-16,30.74,-81.21,Visual,1,Winter,,
2008-02-16,30.8,-81.21,Visual,1,Winter,,
2008-02-16,30.97,-81.2,Visual,1,Winter,,
2008-02-16,31.01,-81.07,Visual,1,Winter,,
2008-02-16,31.01,-81.2,Visual,1,Winter,,
2008-02-16,31.15,-81.15,Visual,1,Winter,,
2008-02-16,31.23,-80.93,Visual,1,Winter,,
2008-02-16,31.29,-81.02,Visual,1,Winter,,
2008-02-16,31.29,-80.97,Visual,1,Winter,,
2008-02-16,31.55,-80.96,Visual,1,Winter,,
2008-02-16,30.09,-81.22,Visual,1,Winter,,
2008-02-15,30.65,-81.2,Visual,1,Winter,,
2008-02-15,30.64,-81.2,Visual,1,Winter,,
2008-02-15,30.56,-81.26,Visual,1,Winter,,
2008-02-15,30.53,-81.23,Visual,1,Winter,,
2008-02-15,30.43,-81.25,Visual,1,Winter,,
2008-02-15,31.05,-81.2,Visual,1,Winter,,
2008-02-15,31.17,-81.05,Visual,1,Winter,,
2008-02-15,31.29,-80.94,Visual,1,Winter,,
2008-02-15,30.1,-81.04,Visual,1,Winter,,
2008-02-15,30.26,-81.14,Visual,1,Winter,,
2008-02-14,30.33,-81.25,Visual,1,Winter,,
2008-02-14,30.32,-81.25,Visual,1,Winter,,
2008-02-14,30.34,-81.2,Visual,1,Winter,,
2008-02-14,30.33,-81.13,Visual,1,Winter,,
2008-02-14,30.84,-81.24,Visual,1,Winter,,
2008-02-14,30.74,-81.16,Visual,1,Winter,,
2008-02-14,30.75,-81.15,Visual,1,Winter,,
2008-02-14,30.67,-81.18,Visual,1,Winter,,
2008-02-14,30.66,-81.35,Visual,1,Winter,,
2008-02-14,30.58,-81.16,Visual,1,Winter,,
2008-02-14,30.61,-81.25,Visual,1,Winter,,
2008-02-14,32.99,-79.1,Visual,1,Winter,,
2008-02-14,30.89,-81.22,Visual,1,Winter,,
2008-02-14,31.03,-81.32,Visual,1,Winter,,
2008-02-14,31.13,-81.05,Visual,1,Winter,,
2008-02-14,31.19,-80.98,Visual,1,Winter,,
2008-02-14,31.3,-80.98,Visual,1,Winter,,
2008-02-14,31.47,-81.04,Visual,1,Winter,,
2008-02-14,31.52,-80.61,Visual,1,Winter,,
2008-02-14,31.53,-80.71,Visual,1,Winter,,
2008-02-14,30.16,-81.06,Visual,1,Winter,,
2008-02-14,30.14,-81.29,Visual,1,Winter,,
2008-02-12,30.74,-81.31,Visual,1,Winter,,
2008-02-12,30.68,-81.32,Visual,1,Winter,,
2008-02-12,30.33,-81.35,Visual,1,Winter,,
2008-02-12,30.34,-81.17,Visual,1,Winter,,
2008-02-12,31.39,-81.07,Visual,1,Winter,,
2008-02-12,30.05,-81.2,Visual,1,Winter,,
2008-02-12,30.09,-81.23,Visual,1,Winter,,
2008-02-11,30.32,-81.29,Visual,1,Winter,,
2008-02-11,32.11,-80.52,Visual,1,Winter,,
2008-02-11,31.14,-81.02,Visual,1,Winter,,
2008-02-11,31.09,-81.19,Visual,1,Winter,,
2008-02-11,31.02,-81.13,Visual,1,Winter,,
2008-02-11,30.05,-81.18,Visual,1,Winter,,
2008-02-11,30.03,-81.19,Visual,1,Winter,,
2008-02-11,30.27,-81.32,Visual,1,Winter,,
2008-02-11,30.08,-81.33,Visual,1,Winter,,
2008-02-11,29.95,-81.23,Visual,1,Winter,,
2008-02-09,30.81,-81.32,Visual,1,Winter,,
2008-02-09,30.67,-81.26,Visual,1,Winter,,
2008-02-09,30.59,-81.33,Visual,1,Winter,,
2008-02-09,30.61,-81.35,Visual,1,Winter,,
2008-02-09,30.59,-81.34,Visual,1,Winter,,
2008-02-09,30.58,-81.32,Visual,1,Winter,,
2008-02-09,30.53,-81.25,Visual,1,Winter,,
2008-02-09,30.56,-81.25,Visual,1,Winter,,
2008-02-09,30.55,-81.25,Visual,1,Winter,,
2008-02-09,30.55,-81.26,Visual,1,Winter,,
2008-02-09,30.55,-81.24,Visual,1,Winter,,
2008-02-09,30.54,-81.25,Visual,1,Winter,,
2008-02-09,30.55,-81.11,Visual,1,Winter,,
2008-02-09,30.46,-81.33,Visual,1,Winter,,
2008-02-09,30.41,-81.21,Visual,1,Winter,,
2008-02-09,30.41,-81.2,Visual,1,Winter,,
2008-02-09,30.39,-81.22,Visual,1,Winter,,
2008-02-09,30.36,-81.32,Visual,1,Winter,,
2008-02-09,31.33,-80.96,Visual,1,Winter,,
2008-02-09,31.52,-80.87,Visual,1,Winter,,
2008-02-09,31.53,-80.85,Visual,1,Winter,,
2008-02-09,30.21,-81.36,Visual,1,Winter,,
2008-02-08,30.72,-81.29,Visual,1,Winter,,
2008-02-08,30.75,-81.22,Visual,1,Winter,,
2008-02-08,30.6,-81.37,Visual,1,Winter,,
2008-02-08,30.59,-81.37,Visual,1,Winter,,
2008-02-08,30.54,-81.33,Visual,1,Winter,,
2008-02-08,30.55,-81.33,Visual,1,Winter,,
2008-02-08,30.57,-81.35,Visual,1,Winter,,
2008-02-08,30.56,-81.3,Visual,1,Winter,,
2008-02-08,30.54,-81.31,Visual,1,Winter,,
2008-02-08,30.51,-81.27,Visual,1,Winter,,
2008-02-08,30.52,-81.28,Visual,1,Winter,,
2008-02-08,30.51,-81.28,Visual,1,Winter,,
2008-02-08,30.43,-81.26,Visual,1,Winter,,
2008-02-08,30.34,-81.21,Visual,1,Winter,,
2008-02-08,30.46,-81.41,Visual,1,Winter,,
2008-02-08,31.37,-80.55,Visual,1,Winter,,
2008-02-08,31.43,-80.7,Visual,1,Winter,,
2008-02-08,31.08,-81.05,Visual,1,Winter,,
2008-02-08,31.09,-81.13,Visual,1,Winter,,
2008-02-08,31.08,-81.2,Visual,1,Winter,,
2008-02-08,31.03,-81.05,Visual,1,Winter,,
2008-02-07,30.43,-81.35,Visual,1,Winter,,
2008-02-07,30.47,-81.15,Visual,1,Winter,,
2008-02-07,30.34,-81.2,Visual,1,Winter,,
2008-02-07,30.47,-81.39,Visual,1,Winter,,
2008-02-07,30.77,-81.12,Visual,1,Winter,,
2008-02-07,30.8,-81.12,Visual,1,Winter,,
2008-02-07,30.7,-81.21,Visual,1,Winter,,
2008-02-07,30.69,-81.35,Visual,1,Winter,,
2008-02-07,30.57,-81.26,Visual,1,Winter,,
2008-02-07,30.56,-81.29,Visual,1,Winter,,
2008-02-07,30.57,-81.32,Visual,1,Winter,,
2008-02-07,30.59,-81.38,Visual,1,Winter,,
2008-02-07,30.59,-81.39,Visual,1,Winter,,
2008-02-07,30.58,-81.39,Visual,1,Winter,,
2008-02-07,30.58,-81.37,Visual,1,Winter,,
2008-02-07,31.87,-80.67,Visual,1,Winter,,
2008-02-07,31.84,-80.86,Visual,1,Winter,,
2008-02-07,31.49,-80.73,Visual,1,Winter,,
2008-02-07,31.38,-80.87,Visual,1,Winter,,
2008-02-07,31.37,-81.0,Visual,1,Winter,,
2008-02-07,31.22,-80.92,Visual,1,Winter,,
2008-02-07,31.2,-81.17,Visual,1,Winter,,
2008-02-07,31.08,-81.14,Visual,1,Winter,,
2008-02-07,29.5,-81.12,Visual,1,Winter,,
2008-02-07,30.13,-81.22,Visual,1,Winter,,
2008-02-06,30.59,-81.35,Visual,1,Winter,,
2008-02-06,30.6,-81.37,Visual,1,Winter,,
2008-02-06,30.59,-81.29,Visual,1,Winter,,
2008-02-06,30.59,-81.31,Visual,1,Winter,,
2008-02-06,30.57,-81.25,Visual,1,Winter,,
2008-02-05,30.8,-81.18,Visual,1,Winter,,
2008-02-05,30.73,-81.13,Visual,1,Winter,,
2008-02-05,30.69,-81.15,Visual,1,Winter,,
2008-02-05,30.69,-81.21,Visual,1,Winter,,
2008-02-05,30.62,-81.16,Visual,1,Winter,,
2008-02-05,30.63,-81.16,Visual,1,Winter,,
2008-02-05,30.54,-81.31,Visual,1,Winter,,
2008-02-05,30.54,-81.32,Visual,1,Winter,,
2008-02-05,30.55,-81.31,Visual,1,Winter,,
2008-02-05,30.56,-81.32,Visual,1,Winter,,
2008-02-05,30.48,-81.21,Visual,1,Winter,,
2008-02-05,30.35,-81.3,Visual,1,Winter,,
2008-02-05,30.14,-81.3,Visual,1,Winter,,
2008-02-05,29.9,-81.25,Visual,1,Winter,,
2008-02-04,29.72,-81.23,Visual,1,Winter,,
2008-02-04,29.9,-81.26,Visual,1,Winter,,
2008-02-03,30.42,-81.23,Visual,1,Winter,,
2008-02-03,30.48,-81.22,Visual,1,Winter,,
2008-02-03,30.56,-81.31,Visual,1,Winter,,
2008-02-03,30.53,-81.3,Visual,1,Winter,,
2008-02-03,30.53,-81.35,Visual,1,Winter,,
2008-02-03,30.6,-81.21,Visual,1,Winter,,
2008-02-03,30.59,-81.22,Visual,1,Winter,,
2008-02-03,30.58,-81.23,Visual,1,Winter,,
2008-02-03,30.62,-81.16,Visual,1,Winter,,
2008-02-03,30.67,-81.14,Visual,1,Winter,,
2008-02-03,30.66,-81.15,Visual,1,Winter,,
2008-02-03,30.71,-81.09,Visual,1,Winter,,
2008-02-03,30.5,-81.3,Visual,1,Winter,,
2008-02-03,30.06,-81.3,Visual,1,Winter,,
2008-02-03,30.2,-81.16,Visual,1,Winter,,
2008-02-03,29.94,-81.3,Visual,1,Winter,,
2008-02-02,30.85,-81.05,Visual,1,Winter,,
2008-02-02,30.84,-81.06,Visual,1,Winter,,
2008-02-02,30.84,-81.05,Visual,1,Winter,,
2008-02-02,30.36,-81.37,Visual,1,Winter,,
2008-02-02,31.55,-80.92,Visual,1,Winter,,
2008-02-02,31.45,-81.05,Visual,1,Winter,,
2008-02-02,31.43,-81.04,Visual,1,Winter,,
2008-02-02,31.48,-80.6,Visual,1,Winter,,
2008-02-02,31.47,-81.0,Visual,1,Winter,,
2008-02-02,31.38,-81.05,Visual,1,Winter,,
2008-02-02,30.94,-81.15,Visual,1,Winter,,
2008-01-31,30.62,-81.18,Visual,1,Winter,,
2008-01-31,30.34,-81.29,Visual,1,Winter,,
2008-01-31,30.43,-81.14,Visual,1,Winter,,
2008-01-31,30.42,-81.16,Visual,1,Winter,,
2008-01-31,31.08,-81.19,Visual,1,Winter,,
2008-01-31,30.98,-81.14,Visual,1,Winter,,
2008-01-31,30.13,-81.26,Visual,1,Winter,,
2008-01-31,30.14,-81.35,Visual,1,Winter,,
2008-01-29,30.46,-81.25,Visual,1,Winter,,
2008-01-29,30.45,-81.25,Visual,1,Winter,,
2008-01-29,30.43,-81.24,Visual,1,Winter,,
2008-01-29,30.35,-81.17,Visual,1,Winter,,
2008-01-29,30.35,-81.18,Visual,1,Winter,,
2008-01-29,30.34,-81.17,Visual,1,Winter,,
2008-01-29,31.02,-81.21,Visual,1,Winter,,
2008-01-29,30.48,-81.26,Visual,1,Winter,,
2008-01-29,30.49,-81.27,Visual,1,Winter,,
2008-01-29,30.48,-81.27,Visual,1,Winter,,
2008-01-29,30.49,-81.29,Visual,1,Winter,,
2008-01-29,30.11,-81.13,Visual,1,Winter,,
2008-01-29,30.2,-81.29,Visual,1,Winter,,
2008-01-29,30.24,-81.33,Visual,1,Winter,,
2008-01-28,30.38,-81.17,Visual,1,Winter,,
2008-01-28,30.37,-81.18,Visual,1,Winter,,
2008-01-28,30.37,-81.16,Visual,1,Winter,,
2008-01-28,30.32,-81.16,Visual,1,Winter,,
2008-01-28,30.74,-81.19,Visual,1,Winter,,
2008-01-24,30.45,-81.13,Visual,1,Winter,,
2008-01-24,30.58,-81.21,Visual,1,Winter,,
2008-01-24,30.53,-81.14,Visual,1,Winter,,
2008-01-24,30.54,-81.27,Visual,1,Winter,,
2008-01-24,31.18,-81.04,Visual,1,Winter,,
2008-01-24,31.15,-81.18,Visual,1,Winter,,
2008-01-24,31.09,-81.18,Visual,1,Winter,,
2008-01-24,30.08,-81.34,Visual,1,Winter,,
2008-01-22,30.96,-81.03,Visual,1,Winter,,
2008-01-22,31.04,-81.07,Visual,1,Winter,,
2008-01-22,30.47,-81.26,Visual,1,Winter,,
2008-01-22,30.52,-81.29,Visual,1,Winter,,
2008-01-22,30.52,-81.3,Visual,1,Winter,,
2008-01-22,30.48,-81.27,Visual,1,Winter,,
2008-01-15,30.77,-81.4,Visual,1,Winter,,
2008-01-15,30.55,-81.26,Visual,1,Winter,,
2008-01-15,29.96,-81.31,Visual,1,Winter,,
2008-01-14,30.49,-81.36,Visual,1,Winter,,
2008-01-14,31.08,-81.21,Visual,1,Winter,,
2008-01-14,30.93,-81.2,Visual,1,Winter,,
2008-01-11,30.29,-81.15,Visual,1,Winter,,
2008-01-11,30.59,-81.44,Visual,1,Winter,,
2008-01-10,30.59,-81.32,Visual,1,Winter,,
2008-01-10,30.31,-81.38,Visual,1,Winter,,
2008-01-10,30.71,-81.4,Visual,1,Winter,,
2008-01-10,31.55,-81.04,Visual,1,Winter,,
2008-01-10,31.49,-81.0,Visual,1,Winter,,
2008-01-10,31.23,-81.01,Visual,1,Winter,,
2008-01-10,31.1,-81.2,Visual,1,Winter,,
2008-01-09,31.03,-81.24,Visual,1,Winter,,
2008-01-09,31.21,-81.08,Visual,1,Winter,,
2008-01-09,31.37,-81.14,Visual,1,Winter,,
2008-01-09,31.48,-81.06,Visual,1,Winter,,
2008-01-09,29.99,-81.31,Visual,1,Winter,,
2008-01-08,30.37,-81.29,Visual,1,Winter,,
2008-01-08,30.53,-81.41,Visual,1,Winter,,
2008-01-08,31.24,-81.16,Visual,1,Winter,,
2008-01-08,31.32,-81.11,Visual,1,Winter,,
2008-01-08,30.05,-81.32,Visual,1,Winter,,
2008-01-07,30.28,-81.25,Visual,1,Winter,,
2008-01-07,30.67,-81.43,Visual,1,Winter,,
2008-01-07,30.55,-81.44,Visual,1,Winter,,
2008-01-07,31.22,-81.16,Visual,1,Winter,,
2008-01-07,31.47,-81.01,Visual,1,Winter,,
2008-01-07,30.98,-81.18,Visual,1,Winter,,
2008-01-07,30.99,-81.28,Visual,1,Winter,,
2008-01-07,29.95,-81.07,Visual,1,Winter,,
2008-01-06,30.41,-81.3,Visual,1,Winter,,
2008-01-06,30.43,-81.4,Visual,1,Winter,,
2008-01-06,31.8,-80.83,Visual,1,Winter,,
2008-01-06,30.86,-81.29,Visual,1,Winter,,
2008-01-06,30.89,-81.29,Visual,1,Winter,,
2008-01-06,30.41,-81.35,Visual,1,Winter,,
2008-01-06,30.0,-81.31,Visual,1,Winter,,
2008-01-05,29.83,-81.26,Visual,1,Winter,,
2008-01-05,30.15,-81.21,Visual,1,Winter,,
2008-01-01,30.64,-81.28,Visual,1,Winter,,
2007-12-30,30.12,-81.18,Visual,1,Winter,,
2007-12-29,30.35,-81.31,Visual,1,Winter,,
2007-12-29,30.52,-81.26,Visual,1,Winter,,
2007-12-29,30.56,-81.36,Visual,1,Winter,,
2007-12-29,30.77,-81.33,Visual,1,Winter,,
2007-12-29,30.14,-80.98,Visual,1,Winter,,
2007-12-29,29.9,-81.26,Visual,1,Winter,,
2007-12-28,30.78,-81.38,Visual,1,Winter,,
2007-12-28,30.83,-81.25,Visual,1,Winter,,
2007-12-28,30.39,-81.27,Visual,1,Winter,,
2007-12-28,31.08,-81.18,Visual,1,Winter,,
2007-12-28,30.93,-81.27,Visual,1,Winter,,
2007-12-28,29.91,-81.27,Visual,1,Winter,,
2007-12-28,30.23,-81.21,Visual,1,Winter,,
2007-12-27,30.28,-81.14,Visual,1,Winter,,
2007-12-27,30.48,-81.2,Visual,1,Winter,,
2007-12-27,30.33,-81.2,Visual,1,Winter,,
2007-12-27,31.13,-81.26,Visual,1,Winter,,
2007-12-27,31.08,-81.14,Visual,1,Winter,,
2007-12-27,31.05,-81.25,Visual,1,Winter,,
2007-12-23,31.24,-81.18,Visual,1,Winter,,
2007-12-23,31.13,-81.12,Visual,1,Winter,,
2007-12-23,29.8,-81.26,Visual,1,Winter,,
2007-12-20,32.7,-79.8,Visual,1,Winter,,
2007-12-20,31.73,-80.94,Visual,1,Winter,,
2007-12-20,31.49,-81.13,Visual,1,Winter,,
2007-12-20,31.38,-81.11,Visual,1,Winter,,
2007-12-19,30.77,-81.33,Visual,1,Winter,,
2007-12-19,30.79,-81.3,Visual,1,Winter,,
2007-12-19,30.9,-81.16,Visual,1,Winter,,
2007-12-19,30.07,-80.93,Visual,1,Winter,,
2007-12-18,30.66,-81.21,Visual,1,Winter,,
2007-12-18,31.33,-81.2,Visual,1,Winter,,
2007-12-18,31.53,-80.99,Visual,1,Winter,,
2007-12-14,30.39,-81.18,Visual,1,Winter,,
2007-12-14,32.03,-80.61,Visual,1,Winter,,
2007-12-14,31.87,-80.8,Visual,1,Winter,,
2007-12-14,31.84,-80.86,Visual,1,Winter,,
2007-12-14,31.72,-81.01,Visual,1,Winter,,
2007-12-14,32.32,-80.31,Visual,1,Winter,,
2007-12-14,32.35,-80.27,Visual,1,Winter,,
2007-12-14,32.48,-79.98,Visual,1,Winter,,
2007-12-13,29.78,-81.25,Visual,1,Winter,,
2007-12-12,29.9,-81.26,Visual,1,Winter,,
2007-12-12,29.92,-81.26,Visual,1,Winter,,
2007-12-11,33.27,-78.77,Visual,1,Winter,,
2007-12-11,33.04,-79.13,Visual,1,Winter,,
2007-12-10,31.39,-81.15,Visual,1,Winter,,
2007-12-10,29.51,-81.14,Visual,1,Winter,,
2007-12-09,30.83,-81.28,Visual,1,Winter,,
2007-12-09,30.83,-81.3,Visual,1,Winter,,
2007-12-09,30.84,-81.3,Visual,1,Winter,,
2007-12-09,30.88,-81.3,Visual,1,Winter,,
2007-12-09,31.54,-81.06,Visual,1,Winter,,
2007-12-09,29.79,-81.25,Visual,1,Winter,,
2007-12-08,32.72,-79.55,Visual,1,Winter,,
2007-12-07,30.19,-81.27,Visual,1,Winter,,
2007-12-06,30.23,-81.37,Visual,1,Winter,,
2007-12-05,30.58,-81.38,Visual,1,Winter,,
2007-12-05,30.04,-81.31,Visual,1,Winter,,
2007-12-04,31.88,-80.75,Visual,1,Winter,,
2007-12-04,32.11,-80.49,Visual,1,Winter,,
2007-12-02,32.7,-79.65,Visual,1,Winter,,
2007-03-29,31.26,-81.06,Visual,1,Spring,,
2007-03-28,31.82,-80.68,Visual,1,Spring,,
2007-03-27,31.18,-80.75,Visual,1,Spring,,
2007-03-27,31.23,-80.89,Visual,1,Spring,,
2007-03-24,31.2,-81.17,Visual,1,Spring,,
2007-03-23,31.04,-81.15,Visual,1,Spring,,
2007-03-21,30.66,-81.38,Visual,1,Spring,,
2007-03-21,30.8,-81.24,Visual,1,Spring,,
2007-03-21,30.79,-81.25,Visual,1,Spring,,
2007-03-21,30.71,-81.38,Visual,1,Spring,,
2007-03-21,30.99,-81.02,Visual,1,Spring,,
2007-03-20,30.21,-81.36,Visual,1,Spring,,
2007-03-20,30.6,-81.21,Visual,1,Spring,,
2007-03-20,30.59,-81.2,Visual,1,Spring,,
2007-03-20,31.91,-80.75,Visual,1,Spring,,
2007-03-20,31.68,-80.78,Visual,1,Spring,,
2007-03-20,31.4,-80.89,Visual,1,Spring,,
2007-03-20,31.04,-80.95,Visual,1,Spring,,
2007-03-20,30.23,-81.29,Visual,1,Spring,,
2007-03-19,30.4,-81.18,Visual,1,Spring,,
2007-03-19,30.41,-81.19,Visual,1,Spring,,
2007-03-19,31.02,-81.16,Visual,1,Spring,,
2007-03-14,30.43,-81.11,Visual,1,Spring,,
2007-03-14,30.9,-81.22,Visual,1,Spring,,
2007-03-14,30.88,-81.25,Visual,1,Spring,,
2007-03-13,30.64,-81.17,Visual,1,Spring,,
2007-03-13,30.69,-81.25,Visual,1,Spring,,
2007-03-13,30.68,-81.24,Visual,1,Spring,,
2007-03-13,30.84,-81.17,Visual,1,Spring,,
2007-03-13,31.37,-80.99,Visual,1,Spring,,
2007-03-13,31.34,-80.93,Visual,1,Spring,,
2007-03-13,31.2,-80.73,Visual,1,Spring,,
2007-03-13,30.98,-81.12,Visual,1,Spring,,
2007-03-13,30.93,-81.09,Visual,1,Spring,,
2007-03-13,30.21,-80.99,Visual,1,Spring,,
2007-03-12,30.53,-81.32,Visual,1,Spring,,
2007-03-12,30.57,-81.14,Visual,1,Spring,,
2007-03-12,30.74,-81.32,Visual,1,Spring,,
2007-03-12,30.84,-81.27,Visual,1,Spring,,
2007-03-12,32.02,-79.94,Visual,1,Spring,,
2007-03-12,31.26,-80.97,Visual,1,Spring,,
2007-03-12,31.53,-80.86,Visual,1,Spring,,
2007-03-12,31.38,-80.7,Visual,1,Spring,,
2007-03-12,31.37,-81.14,Visual,1,Spring,,
2007-03-12,31.14,-80.92,Visual,1,Spring,,
2007-03-12,30.06,-81.16,Visual,1,Spring,,
2007-03-12,30.22,-81.17,Visual,1,Spring,,
2007-03-11,30.41,-81.19,Visual,1,Spring,,
2007-03-11,30.42,-81.21,Visual,1,Spring,,
2007-03-11,30.44,-81.16,Visual,1,Spring,,
2007-03-11,30.5,-81.37,Visual,1,Spring,,
2007-03-11,30.5,-81.15,Visual,1,Spring,,
2007-03-11,30.67,-81.36,Visual,1,Spring,,
2007-03-11,30.65,-81.36,Visual,1,Spring,,
2007-03-11,30.66,-81.08,Visual,1,Spring,,
2007-03-10,30.58,-81.42,Visual,1,Spring,,
2007-03-10,30.59,-81.42,Visual,1,Spring,,
2007-03-10,30.61,-81.17,Visual,1,Spring,,
2007-03-10,30.6,-81.41,Visual,1,Spring,,
2007-03-10,30.59,-81.41,Visual,1,Spring,,
2007-03-10,30.7,-81.18,Visual,1,Spring,,
2007-03-08,30.62,-81.02,Visual,1,Spring,,
2007-03-08,30.42,-81.25,Visual,1,Spring,,
2007-03-08,30.53,-81.31,Visual,1,Spring,,
2007-03-08,30.75,-81.14,Visual,1,Spring,,
2007-03-08,30.78,-81.4,Visual,1,Spring,,
2007-03-08,31.33,-80.89,Visual,1,Spring,,
2007-03-08,31.28,-80.96,Visual,1,Spring,,
2007-03-08,31.11,-81.25,Visual,1,Spring,,
2007-03-08,30.99,-81.09,Visual,1,Spring,,
2007-03-08,31.0,-81.1,Visual,1,Spring,,
2007-03-08,30.99,-81.26,Visual,1,Spring,,
2007-03-08,30.97,-81.3,Visual,1,Spring,,
2007-03-08,30.88,-81.28,Visual,1,Spring,,
2007-03-07,30.2,-81.35,Visual,1,Spring,,
2007-03-07,30.36,-81.21,Visual,1,Spring,,
2007-03-07,30.8,-81.3,Visual,1,Spring,,
2007-03-07,31.49,-81.05,Visual,1,Spring,,
2007-03-07,31.44,-81.03,Visual,1,Spring,,
2007-03-07,31.13,-81.15,Visual,1,Spring,,
2007-03-07,30.97,-81.34,Visual,1,Spring,,
2007-03-07,30.92,-81.23,Visual,1,Spring,,
2007-03-06,31.53,-80.72,Visual,1,Spring,,
2007-03-06,31.11,-81.15,Visual,1,Spring,,
2007-03-06,30.97,-81.21,Visual,1,Spring,,
2007-03-06,30.05,-81.06,Visual,1,Spring,,
2007-03-05,30.5,-81.04,Visual,1,Spring,,
2007-03-03,30.65,-81.01,Visual,1,Spring,,
2007-03-03,30.67,-81.01,Visual,1,Spring,,
2007-03-03,30.83,-81.39,Visual,1,Spring,,
2007-03-03,32.44,-80.02,Visual,1,Spring,,
2007-03-03,31.18,-81.01,Visual,1,Spring,,
2007-03-03,31.08,-81.14,Visual,1,Spring,,
2007-03-03,30.99,-81.04,Visual,1,Spring,,
2007-03-03,31.04,-81.27,Visual,1,Spring,,
2007-03-03,31.09,-81.18,Visual,1,Spring,,
2007-03-03,31.1,-81.17,Visual,1,Spring,,
2007-02-28,30.61,-81.1,Visual,1,Winter,,
2007-02-28,30.51,-81.19,Visual,1,Winter,,
2007-02-28,30.43,-81.14,Visual,1,Winter,,
2007-02-28,31.33,-81.14,Visual,1,Winter,,
2007-02-28,31.07,-81.22,Visual,1,Winter,,
2007-02-28,30.97,-81.05,Visual,1,Winter,,
2007-02-28,30.97,-81.24,Visual,1,Winter,,
2007-02-28,30.99,-81.24,Visual,1,Winter,,
2007-02-28,30.09,-81.24,Visual,1,Winter,,
2007-02-28,30.13,-81.34,Visual,1,Winter,,
2007-02-27,30.52,-81.41,Visual,1,Winter,,
2007-02-27,30.54,-81.4,Visual,1,Winter,,
2007-02-27,30.37,-81.36,Visual,1,Winter,,
2007-02-27,30.35,-81.25,Visual,1,Winter,,
2007-02-27,31.03,-81.22,Visual,1,Winter,,
2007-02-27,30.91,-81.07,Visual,1,Winter,,
2007-02-27,30.08,-81.12,Visual,1,Winter,,
2007-02-27,30.13,-81.12,Visual,1,Winter,,
2007-02-27,30.17,-81.28,Visual,1,Winter,,
2007-02-26,30.54,-81.43,Visual,1,Winter,,
2007-02-26,31.09,-81.08,Visual,1,Winter,,
2007-02-26,31.05,-80.89,Visual,1,Winter,,
2007-02-26,30.98,-81.08,Visual,1,Winter,,
2007-02-26,30.22,-81.33,Visual,1,Winter,,
2007-02-25,30.73,-81.15,Visual,1,Winter,,
2007-02-25,30.44,-81.32,Visual,1,Winter,,
2007-02-24,30.42,-81.38,Visual,1,Winter,,
2007-02-24,30.47,-81.39,Visual,1,Winter,,
2007-02-24,30.56,-81.42,Visual,1,Winter,,
2007-02-24,30.58,-81.28,Visual,1,Winter,,
2007-02-24,30.83,-81.15,Visual,1,Winter,,
2007-02-24,30.12,-81.22,Visual,1,Winter,,
2007-02-22,30.58,-81.13,Visual,1,Winter,,
2007-02-22,30.29,-81.22,Visual,1,Winter,,
2007-02-22,30.43,-81.4,Visual,1,Winter,,
2007-02-22,31.16,-81.1,Visual,1,Winter,,
2007-02-22,30.99,-81.17,Visual,1,Winter,,
2007-02-22,30.98,-81.18,Visual,1,Winter,,
2007-02-22,29.88,-81.02,Visual,1,Winter,,
2007-02-22,29.81,-81.07,Visual,1,Winter,,
2007-02-22,29.92,-81.27,Visual,1,Winter,,
2007-02-21,30.53,-81.37,Visual,1,Winter,,
2007-02-21,30.15,-81.04,Visual,1,Winter,,
2007-02-20,30.59,-81.12,Visual,1,Winter,,
2007-02-20,30.69,-81.29,Visual,1,Winter,,
2007-02-20,30.68,-81.21,Visual,1,Winter,,
2007-02-20,30.78,-81.2,Visual,1,Winter,,
2007-02-20,29.98,-81.13,Visual,1,Winter,,
2007-02-20,30.19,-81.23,Visual,1,Winter,,
2007-02-20,29.94,-81.26,Visual,1,Winter,,
2007-02-19,30.75,-81.25,Visual,1,Winter,,
2007-02-18,30.14,-81.35,Visual,1,Winter,,
2007-02-17,30.79,-81.27,Visual,1,Winter,,
2007-02-17,29.93,-81.24,Visual,1,Winter,,
2007-02-15,30.25,-81.22,Visual,1,Winter,,
2007-02-15,30.98,-81.06,Visual,1,Winter,,
2007-02-15,29.83,-81.11,Visual,1,Winter,,
2007-02-15,29.43,-81.07,Visual,1,Winter,,
2007-02-14,30.79,-81.29,Visual,1,Winter,,
2007-02-14,30.05,-81.32,Visual,1,Winter,,
2007-02-13,30.02,-81.32,Visual,1,Winter,,
2007-02-13,30.14,-81.24,Visual,1,Winter,,
2007-02-13,30.15,-81.24,Visual,1,Winter,,
2007-02-13,29.93,-81.27,Visual,1,Winter,,
2007-02-12,30.42,-81.27,Visual,1,Winter,,
2007-02-12,30.4,-81.28,Visual,1,Winter,,
2007-02-12,30.34,-80.84,Visual,1,Winter,,
2007-02-12,31.09,-81.2,Visual,1,Winter,,
2007-02-11,30.64,-81.3,Visual,1,Winter,,
2007-02-11,31.3,-80.79,Visual,1,Winter,,
2007-02-11,31.13,-81.22,Visual,1,Winter,,
2007-02-11,30.2,-81.27,Visual,1,Winter,,
2007-02-10,30.61,-81.36,Visual,1,Winter,,
2007-02-10,30.58,-81.23,Visual,1,Winter,,
2007-02-10,30.52,-81.35,Visual,1,Winter,,
2007-02-10,29.86,-81.24,Visual,1,Winter,,
2007-02-09,30.85,-81.16,Visual,1,Winter,,
2007-02-09,30.55,-81.36,Visual,1,Winter,,
2007-02-09,30.53,-81.21,Visual,1,Winter,,
2007-02-09,31.22,-81.0,Visual,1,Winter,,
2007-02-09,31.18,-81.24,Visual,1,Winter,,
2007-02-08,30.33,-81.07,Visual,1,Winter,,
2007-02-08,30.84,-81.28,Visual,1,Winter,,
2007-02-08,31.1,-81.25,Visual,1,Winter,,
2007-02-08,31.12,-81.2,Visual,1,Winter,,
2007-02-08,31.07,-81.24,Visual,1,Winter,,
2007-02-08,30.88,-81.28,Visual,1,Winter,,
2007-02-08,30.18,-81.12,Visual,1,Winter,,
2007-02-07,30.09,-81.24,Visual,1,Winter,,
2007-02-06,30.74,-81.19,Visual,1,Winter,,
2007-02-06,30.02,-81.27,Visual,1,Winter,,
2007-02-05,30.35,-81.36,Visual,1,Winter,,
2007-02-05,30.36,-81.37,Visual,1,Winter,,
2007-02-04,30.41,-81.06,Visual,1,Winter,,
2007-02-04,30.43,-81.37,Visual,1,Winter,,
2007-02-04,30.66,-81.31,Visual,1,Winter,,
2007-02-04,31.08,-81.14,Visual,1,Winter,,
2007-02-02,30.41,-81.28,Visual,1,Winter,,
2007-02-02,30.42,-81.28,Visual,1,Winter,,
2007-02-02,30.46,-81.33,Visual,1,Winter,,
2007-02-02,30.48,-81.28,Visual,1,Winter,,
2007-02-02,30.69,-81.25,Visual,1,Winter,,
2007-02-02,31.02,-81.11,Visual,1,Winter,,
2007-02-02,30.99,-81.13,Visual,1,Winter,,
2007-02-02,30.98,-81.14,Visual,1,Winter,,
2007-02-02,31.03,-81.11,Visual,1,Winter,,
2007-01-31,29.95,-81.3,Visual,1,Winter,,
2007-01-31,30.72,-81.33,Visual,1,Winter,,
2007-01-30,30.52,-81.33,Visual,1,Winter,,
2007-01-30,30.54,-81.41,Visual,1,Winter,,
2007-01-30,30.83,-81.3,Visual,1,Winter,,
2007-01-30,31.16,-81.21,Visual,1,Winter,,
2007-01-30,31.1,-81.21,Visual,1,Winter,,
2007-01-30,31.03,-81.16,Visual,1,Winter,,
2007-01-30,30.92,-81.23,Visual,1,Winter,,
2007-01-30,30.89,-81.17,Visual,1,Winter,,
2007-01-30,30.07,-81.22,Visual,1,Winter,,
2007-01-27,30.38,-81.31,Visual,1,Winter,,
2007-01-27,30.39,-81.3,Visual,1,Winter,,
2007-01-27,30.31,-81.22,Visual,1,Winter,,
2007-01-27,30.49,-81.26,Visual,1,Winter,,
2007-01-27,30.52,-81.34,Visual,1,Winter,,
2007-01-27,30.83,-81.17,Visual,1,Winter,,
2007-01-27,30.84,-81.31,Visual,1,Winter,,
2007-01-27,30.79,-81.44,Visual,1,Winter,,
2007-01-27,31.09,-81.23,Visual,1,Winter,,
2007-01-27,31.24,-81.11,Visual,1,Winter,,
2007-01-27,31.19,-81.16,Visual,1,Winter,,
2007-01-27,31.18,-81.2,Visual,1,Winter,,
2007-01-27,30.94,-81.08,Visual,1,Winter,,
2007-01-27,30.16,-81.26,Visual,1,Winter,,
2007-01-26,30.59,-81.28,Visual,1,Winter,,
2007-01-26,30.59,-81.27,Visual,1,Winter,,
2007-01-25,30.75,-81.24,Visual,1,Winter,,
2007-01-24,30.79,-81.23,Visual,1,Winter,,
2007-01-24,32.59,-79.97,Visual,1,Winter,,
2007-01-24,29.29,-81.04,Visual,1,Winter,,
2007-01-23,29.7,-81.22,Visual,1,Winter,,
2007-01-22,30.69,-81.34,Visual,1,Winter,,
2007-01-22,30.76,-81.24,Visual,1,Winter,,
2007-01-21,29.97,-81.29,Visual,1,Winter,,
2007-01-21,30.52,-81.35,Visual,1,Winter,,
2007-01-21,30.75,-81.16,Visual,1,Winter,,
2007-01-21,31.04,-81.3,Visual,1,Winter,,
2007-01-20,31.03,-81.21,Visual,1,Winter,,
2007-01-19,29.77,-81.24,Visual,1,Winter,,
2007-01-16,31.26,-81.04,Visual,1,Winter,,
2007-01-16,31.26,-81.03,Visual,1,Winter,,
2007-01-16,30.48,-81.32,Visual,1,Winter,,
2007-01-16,31.18,-81.04,Visual,1,Winter,,
2007-01-16,31.06,-81.1,Visual,1,Winter,,
2007-01-16,31.13,-81.08,Visual,1,Winter,,
2007-01-16,31.01,-81.15,Visual,1,Winter,,
2007-01-16,31.01,-81.24,Visual,1,Winter,,
2007-01-16,29.88,-81.15,Visual,1,Winter,,
2007-01-16,30.21,-81.31,Visual,1,Winter,,
2007-01-16,30.16,-81.35,Visual,1,Winter,,
2007-01-15,30.17,-81.35,Visual,1,Winter,,
2007-01-15,31.12,-81.14,Visual,1,Winter,,
2007-01-15,31.15,-81.23,Visual,1,Winter,,
2007-01-15,31.16,-81.2,Visual,1,Winter,,
2007-01-15,30.48,-81.22,Visual,1,Winter,,
2007-01-15,30.69,-81.24,Visual,1,Winter,,
2007-01-15,30.84,-81.38,Visual,1,Winter,,
2007-01-15,31.13,-81.2,Visual,1,Winter,,
2007-01-15,31.17,-81.19,Visual,1,Winter,,
2007-01-15,30.31,-81.13,Visual,1,Winter,,
2007-01-14,30.4,-81.28,Visual,1,Winter,,
2007-01-14,30.82,-81.3,Visual,1,Winter,,
2007-01-14,30.55,-81.31,Visual,1,Winter,,
2007-01-14,30.62,-81.27,Visual,1,Winter,,
2007-01-14,30.66,-81.41,Visual,1,Winter,,
2007-01-14,30.85,-81.25,Visual,1,Winter,,
2007-01-14,31.44,-81.04,Visual,1,Winter,,
2007-01-14,29.88,-80.97,Visual,1,Winter,,
2007-01-13,29.96,-81.3,Visual,1,Winter,,
2007-01-13,30.67,-81.23,Visual,1,Winter,,
2007-01-13,30.86,-81.08,Visual,1,Winter,,
2007-01-13,32.6,-79.88,Visual,1,Winter,,
2007-01-12,29.95,-81.3,Visual,1,Winter,,
2007-01-12,30.38,-81.04,Visual,1,Winter,,
2007-01-12,30.48,-81.22,Visual,1,Winter,,
2007-01-12,30.51,-81.13,Visual,1,Winter,,
2007-01-12,30.23,-81.35,Visual,1,Winter,,
2007-01-12,30.2,-81.33,Visual,1,Winter,,
2007-01-12,30.02,-81.3,Visual,1,Winter,,
2007-01-11,30.55,-81.24,Visual,1,Winter,,
2007-01-10,30.29,-81.38,Visual,1,Winter,,
2007-01-09,31.23,-81.12,Visual,1,Winter,,
2007-01-09,30.48,-81.39,Visual,1,Winter,,
2007-01-09,30.77,-81.22,Visual,1,Winter,,
2007-01-09,30.79,-81.19,Visual,1,Winter,,
2007-01-07,30.68,-81.07,Visual,1,Winter,,
2007-01-06,31.72,-80.93,Visual,1,Winter,,
2007-01-06,31.59,-80.96,Visual,1,Winter,,
2007-01-06,32.1,-80.65,Visual,1,Winter,,
2007-01-05,30.6,-81.18,Visual,1,Winter,,
2007-01-05,30.73,-81.39,Visual,1,Winter,,
2007-01-05,30.5,-81.4,Visual,1,Winter,,
2007-01-05,30.72,-81.29,Visual,1,Winter,,
2007-01-05,30.55,-81.42,Visual,1,Winter,,
2007-01-05,30.59,-81.42,Visual,1,Winter,,
2007-01-04,30.15,-81.2,Visual,1,Winter,,
2007-01-04,30.13,-81.25,Visual,1,Winter,,
2007-01-03,30.6,-81.41,Visual,1,Winter,,
2007-01-03,30.92,-81.2,Visual,1,Winter,,
2007-01-02,30.5,-81.25,Visual,1,Winter,,
2007-01-02,30.54,-81.08,Visual,1,Winter,,
2006-12-30,31.03,-81.05,Visual,1,Winter,,
2006-12-27,30.02,-81.32,Visual,1,Winter,,
2006-12-24,30.34,-81.18,Visual,1,Winter,,
2006-12-24,30.55,-81.39,Visual,1,Winter,,
2006-12-24,30.54,-81.4,Visual,1,Winter,,
2006-12-24,30.99,-81.22,Visual,1,Winter,,
2006-12-23,31.03,-81.17,Visual,1,Winter,,
2006-12-23,30.25,-81.35,Visual,1,Winter,,
2006-12-19,30.36,-81.18,Visual,1,Winter,,
2006-12-19,30.53,-81.16,Visual,1,Winter,,
2006-12-19,30.86,-81.18,Visual,1,Winter,,
2006-12-18,30.74,-81.39,Visual,1,Winter,,
2006-12-18,31.33,-81.15,Visual,1,Winter,,
2006-12-17,30.85,-81.25,Visual,1,Winter,,
2006-12-17,31.83,-80.77,Visual,1,Winter,,
2006-12-17,30.88,-81.23,Visual,1,Winter,,
2006-12-17,30.03,-81.2,Visual,1,Winter,,
2006-12-16,31.31,-81.05,Visual,1,Winter,,
2006-12-16,30.2,-81.34,Visual,1,Winter,,
2006-12-12,30.49,-81.34,Visual,1,Winter,,
2006-12-11,30.47,-81.28,Visual,1,Winter,,
2006-12-11,30.98,-81.29,Visual,1,Winter,,
2006-12-11,31.08,-81.2,Visual,1,Winter,,
2006-12-07,32.24,-80.45,Visual,1,Winter,,
2006-11-17,31.8,-80.89,Visual,1,Fall,,
2006-03-29,29.84,-81.09,Visual,1,Spring,,
2006-03-29,29.88,-80.88,Visual,1,Spring,,
2006-03-26,29.31,-81.05,Visual,1,Spring,,
2006-03-26,29.34,-81.02,Visual,1,Spring,,
2006-03-25,32.47,-79.63,Visual,1,Spring,,
2006-03-20,32.92,-79.11,Visual,1,Spring,,
2006-03-20,32.91,-79.11,Visual,1,Spring,,
2006-03-20,32.9,-79.14,Visual,1,Spring,,
2006-03-19,29.94,-80.93,Visual,1,Spring,,
2006-03-16,31.41,-80.54,Visual,1,Spring,,
2006-03-13,30.72,-81.26,Visual,1,Spring,,
2006-03-13,32.61,-79.79,Visual,1,Spring,,
2006-03-13,32.67,-79.73,Visual,1,Spring,,
2006-03-13,32.64,-79.69,Visual,1,Spring,,
2006-03-13,32.57,-79.64,Visual,1,Spring,,
2006-03-12,32.42,-80.23,Visual,1,Spring,,
2006-03-12,32.4,-79.89,Visual,1,Spring,,
2006-03-12,32.39,-79.84,Visual,1,Spring,,
2006-03-12,30.06,-81.09,Visual,1,Spring,,
2006-03-11,30.82,-81.28,Visual,1,Spring,,
2006-03-11,31.85,-80.87,Visual,1,Spring,,
2006-03-11,31.83,-80.88,Visual,1,Spring,,
2006-03-11,30.96,-81.31,Visual,1,Spring,,
2006-03-11,31.28,-80.88,Visual,1,Spring,,
2006-03-09,30.97,-81.11,Visual,1,Spring,,
2006-03-08,30.81,-80.91,Visual,1,Spring,,
2006-03-08,30.8,-80.9,Visual,1,Spring,,
2006-03-08,30.98,-81.2,Visual,1,Spring,,
2006-03-08,28.32,-80.32,Visual,1,Spring,,
2006-03-06,30.56,-81.06,Visual,1,Spring,,
2006-03-06,31.09,-81.06,Visual,1,Spring,,
2006-03-06,30.12,-81.25,Visual,1,Spring,,
2006-03-06,27.08,-80.06,Visual,1,Spring,,
2006-03-05,30.34,-81.23,Visual,1,Spring,,
2006-03-05,30.62,-81.17,Visual,1,Spring,,
2006-03-05,30.8,-81.28,Visual,1,Spring,,
2006-03-05,30.8,-81.05,Visual,1,Spring,,
2006-03-05,31.86,-80.43,Visual,1,Spring,,
2006-03-05,31.86,-80.45,Visual,1,Spring,,
2006-03-05,31.87,-80.44,Visual,1,Spring,,
2006-03-05,32.35,-80.23,Visual,1,Spring,,
2006-03-04,33.06,-78.59,Visual,1,Spring,,
2006-03-03,30.61,-81.11,Visual,1,Spring,,
2006-03-03,30.82,-81.08,Visual,1,Spring,,
2006-03-03,32.03,-80.65,Visual,1,Spring,,
2006-03-03,31.19,-80.85,Visual,1,Spring,,
2006-03-03,31.4,-80.7,Visual,1,Spring,,
2006-03-03,31.44,-80.66,Visual,1,Spring,,
2006-03-02,30.85,-81.31,Visual,1,Spring,,
2006-03-02,29.9,-80.82,Visual,1,Spring,,
2006-03-01,30.8,-80.94,Visual,1,Spring,,
2006-03-01,30.67,-81.16,Visual,1,Spring,,
2006-03-01,31.02,-80.9,Visual,1,Spring,,
2006-03-01,31.06,-80.97,Visual,1,Spring,,
2006-03-01,31.15,-81.23,Visual,1,Spring,,
2006-03-01,31.19,-81.23,Visual,1,Spring,,
2006-03-01,29.99,-81.31,Visual,1,Spring,,
2006-02-28,30.37,-81.15,Visual,1,Winter,,
2006-02-28,30.67,-80.9,Visual,1,Winter,,
2006-02-28,30.74,-81.23,Visual,1,Winter,,
2006-02-28,31.18,-80.76,Visual,1,Winter,,
2006-02-28,30.95,-81.16,Visual,1,Winter,,
2006-02-27,30.45,-81.16,Visual,1,Winter,,
2006-02-27,30.89,-80.84,Visual,1,Winter,,
2006-02-27,30.94,-80.86,Visual,1,Winter,,
2006-02-27,31.03,-81.18,Visual,1,Winter,,
2006-02-27,31.13,-80.78,Visual,1,Winter,,
2006-02-27,31.22,-80.8,Visual,1,Winter,,
2006-02-27,31.22,-80.83,Visual,1,Winter,,
2006-02-27,31.28,-80.8,Visual,1,Winter,,
2006-02-27,31.36,-80.77,Visual,1,Winter,,
2006-02-27,29.74,-80.99,Visual,1,Winter,,
2006-02-25,32.29,-79.74,Visual,1,Winter,,
2006-02-22,30.81,-80.91,Visual,1,Winter,,
2006-02-22,30.81,-81.14,Visual,1,Winter,,
2006-02-22,30.48,-81.2,Visual,1,Winter,,
2006-02-21,30.76,-81.19,Visual,1,Winter,,
2006-02-21,30.69,-81.31,Visual,1,Winter,,
2006-02-21,30.0,-81.14,Visual,1,Winter,,
2006-02-18,31.11,-80.92,Visual,1,Winter,,
2006-02-18,31.06,-81.03,Visual,1,Winter,,
2006-02-18,31.03,-81.26,Visual,1,Winter,,
2006-02-18,30.84,-81.24,Visual,1,Winter,,
2006-02-18,30.75,-81.28,Visual,1,Winter,,
2006-02-18,30.59,-81.17,Visual,1,Winter,,
2006-02-18,30.58,-81.12,Visual,1,Winter,,
2006-02-18,30.62,-81.16,Visual,1,Winter,,
2006-02-17,30.7,-81.24,Visual,1,Winter,,
2006-02-17,30.73,-81.25,Visual,1,Winter,,
2006-02-17,30.9,-81.26,Visual,1,Winter,,
2006-02-17,30.94,-81.16,Visual,1,Winter,,
2006-02-17,30.95,-81.28,Visual,1,Winter,,
2006-02-17,30.83,-81.38,Visual,1,Winter,,
2006-02-17,31.61,-80.95,Visual,1,Winter,,
2006-02-17,28.66,-80.64,Visual,1,Winter,,
2006-02-17,30.53,-81.33,Visual,1,Winter,,
2006-02-17,30.57,-81.22,Visual,1,Winter,,
2006-02-16,31.45,-81.11,Visual,1,Winter,,
2006-02-16,31.1,-81.19,Visual,1,Winter,,
2006-02-16,31.07,-81.21,Visual,1,Winter,,
2006-02-16,31.08,-81.2,Visual,1,Winter,,
2006-02-16,31.08,-81.19,Visual,1,Winter,,
2006-02-16,31.1,-81.26,Visual,1,Winter,,
2006-02-16,31.08,-81.28,Visual,1,Winter,,
2006-02-16,31.08,-81.3,Visual,1,Winter,,
2006-02-16,30.8,-81.21,Visual,1,Winter,,
2006-02-16,30.71,-81.18,Visual,1,Winter,,
2006-02-16,29.79,-81.16,Visual,1,Winter,,
2006-02-16,30.26,-81.22,Visual,1,Winter,,
2006-02-16,30.42,-81.21,Visual,1,Winter,,
2006-02-15,30.64,-81.34,Visual,1,Winter,,
2006-02-15,31.07,-81.21,Visual,1,Winter,,
2006-02-15,31.07,-81.25,Visual,1,Winter,,
2006-02-15,31.06,-81.25,Visual,1,Winter,,
2006-02-15,31.06,-81.22,Visual,1,Winter,,
2006-02-15,30.93,-81.14,Visual,1,Winter,,
2006-02-15,30.7,-81.22,Visual,1,Winter,,
2006-02-15,33.07,-79.07,Visual,1,Winter,,
2006-02-15,30.33,-81.27,Visual,1,Winter,,
2006-02-14,30.87,-81.05,Visual,1,Winter,,
2006-02-14,30.85,-81.04,Visual,1,Winter,,
2006-02-14,31.0,-81.32,Visual,1,Winter,,
2006-02-14,31.01,-81.33,Visual,1,Winter,,
2006-02-14,29.32,-81.05,Visual,1,Winter,,
2006-02-14,29.37,-81.07,Visual,1,Winter,,
2006-02-14,30.23,-81.11,Visual,1,Winter,,
2006-02-14,30.55,-81.22,Visual,1,Winter,,
2006-02-13,31.02,-81.11,Visual,1,Winter,,
2006-02-13,31.04,-81.13,Visual,1,Winter,,
2006-02-10,30.54,-81.26,Visual,1,Winter,,
2006-02-10,30.57,-81.25,Visual,1,Winter,,
2006-02-10,30.82,-80.95,Visual,1,Winter,,
2006-02-10,31.07,-81.11,Visual,1,Winter,,
2006-02-10,31.12,-80.88,Visual,1,Winter,,
2006-02-10,31.15,-80.82,Visual,1,Winter,,
2006-02-10,31.16,-80.83,Visual,1,Winter,,
2006-02-10,31.35,-80.71,Visual,1,Winter,,
2006-02-10,31.33,-81.03,Visual,1,Winter,,
2006-02-08,32.93,-79.25,Visual,1,Winter,,
2006-02-08,31.17,-81.04,Visual,1,Winter,,
2006-02-08,31.18,-81.0,Visual,1,Winter,,
2006-02-08,31.18,-81.02,Visual,1,Winter,,
2006-02-08,31.28,-81.07,Visual,1,Winter,,
2006-02-06,30.78,-81.14,Visual,1,Winter,,
2006-02-06,30.54,-81.27,Visual,1,Winter,,
2006-02-06,31.91,-80.49,Visual,1,Winter,,
2006-02-06,30.88,-81.2,Visual,1,Winter,,
2006-02-03,30.54,-81.25,Visual,1,Winter,,
2006-02-02,30.84,-81.19,Visual,1,Winter,,
2006-02-02,30.83,-81.21,Visual,1,Winter,,
2006-02-02,31.2,-81.21,Visual,1,Winter,,
2006-02-01,30.31,-81.12,Visual,1,Winter,,
2006-02-01,30.61,-81.16,Visual,1,Winter,,
2006-02-01,31.19,-81.07,Visual,1,Winter,,
2006-02-01,29.32,-80.96,Visual,1,Winter,,
2006-02-01,29.82,-81.25,Visual,1,Winter,,
2006-02-01,29.79,-81.25,Visual,1,Winter,,
2006-01-30,30.64,-81.13,Visual,1,Winter,,
2006-01-30,30.65,-81.39,Visual,1,Winter,,
2006-01-28,30.72,-81.04,Visual,1,Winter,,
2006-01-28,30.31,-81.18,Visual,1,Winter,,
2006-01-28,30.28,-81.24,Visual,1,Winter,,
2006-01-28,29.84,-81.26,Visual,1,Winter,,
2006-01-28,29.81,-81.26,Visual,1,Winter,,
2006-01-28,29.83,-81.25,Visual,1,Winter,,
2006-01-26,30.29,-81.34,Visual,1,Winter,,
2006-01-24,30.62,-81.21,Visual,1,Winter,,
2006-01-24,31.17,-81.21,Visual,1,Winter,,
2006-01-24,30.93,-81.13,Visual,1,Winter,,
2006-01-23,30.34,-81.35,Visual,1,Winter,,
2006-01-23,30.54,-81.21,Visual,1,Winter,,
2006-01-23,30.54,-81.2,Visual,1,Winter,,
2006-01-23,30.57,-81.3,Visual,1,Winter,,
2006-01-23,30.57,-81.29,Visual,1,Winter,,
2006-01-22,30.49,-81.39,Visual,1,Winter,,
2006-01-22,29.99,-81.15,Visual,1,Winter,,
2006-01-22,30.17,-81.24,Visual,1,Winter,,
2006-01-22,30.25,-81.06,Visual,1,Winter,,
2006-01-21,30.6,-81.35,Visual,1,Winter,,
2006-01-21,30.43,-81.3,Visual,1,Winter,,
2006-01-21,30.44,-81.3,Visual,1,Winter,,
2006-01-21,30.75,-81.23,Visual,1,Winter,,
2006-01-21,30.72,-81.23,Visual,1,Winter,,
2006-01-21,31.13,-81.3,Visual,1,Winter,,
2006-01-21,30.94,-81.16,Visual,1,Winter,,
2006-01-21,30.89,-81.11,Visual,1,Winter,,
2006-01-21,30.25,-81.08,Visual,1,Winter,,
2006-01-20,30.53,-81.38,Visual,1,Winter,,
2006-01-20,30.54,-81.41,Visual,1,Winter,,
2006-01-20,30.74,-81.23,Visual,1,Winter,,
2006-01-20,31.1,-81.28,Visual,1,Winter,,
2006-01-20,30.99,-81.2,Visual,1,Winter,,
2006-01-20,30.98,-81.23,Visual,1,Winter,,
2006-01-20,31.01,-81.21,Visual,1,Winter,,
2006-01-20,31.19,-81.21,Visual,1,Winter,,
2006-01-20,29.4,-81.06,Visual,1,Winter,,
2006-01-19,30.57,-81.3,Visual,1,Winter,,
2006-01-19,30.77,-81.28,Visual,1,Winter,,
2006-01-19,30.84,-81.13,Visual,1,Winter,,
2006-01-19,30.99,-80.89,Visual,1,Winter,,
2006-01-19,31.28,-81.08,Visual,1,Winter,,
2006-01-19,31.39,-81.11,Visual,1,Winter,,
2006-01-19,30.04,-81.21,Visual,1,Winter,,
2006-01-17,31.09,-81.11,Visual,1,Winter,,
2006-01-16,30.69,-81.26,Visual,1,Winter,,
2006-01-16,30.53,-81.28,Visual,1,Winter,,
2006-01-16,30.68,-81.28,Visual,1,Winter,,
2006-01-16,30.67,-81.2,Visual,1,Winter,,
2006-01-16,30.76,-81.34,Visual,1,Winter,,
2006-01-16,30.8,-81.17,Visual,1,Winter,,
2006-01-16,31.04,-81.15,Visual,1,Winter,,
2006-01-16,31.05,-81.22,Visual,1,Winter,,
2006-01-16,29.1,-80.9,Visual,1,Winter,,
2006-01-16,29.1,-80.91,Visual,1,Winter,,
2006-01-15,30.48,-81.22,Visual,1,Winter,,
2006-01-15,30.62,-81.24,Visual,1,Winter,,
2006-01-15,30.84,-81.26,Visual,1,Winter,,
2006-01-13,30.35,-81.04,Visual,1,Winter,,
2006-01-12,30.57,-81.28,Visual,1,Winter,,
2006-01-12,31.02,-80.94,Visual,1,Winter,,
2006-01-12,30.14,-81.31,Visual,1,Winter,,
2006-01-11,30.28,-81.14,Visual,1,Winter,,
2006-01-11,30.35,-81.3,Visual,1,Winter,,
2006-01-11,30.34,-81.31,Visual,1,Winter,,
2006-01-11,30.56,-81.28,Visual,1,Winter,,
2006-01-11,30.22,-81.35,Visual,1,Winter,,
2006-01-11,29.41,-81.09,Visual,1,Winter,,
2006-01-10,30.57,-81.32,Visual,1,Winter,,
2006-01-10,30.48,-81.27,Visual,1,Winter,,
2006-01-10,31.48,-80.77,Visual,1,Winter,,
2006-01-09,30.78,-81.21,Visual,1,Winter,,
2006-01-09,30.75,-81.29,Visual,1,Winter,,
2006-01-09,30.72,-81.21,Visual,1,Winter,,
2006-01-09,29.92,-81.31,Visual,1,Winter,,
2006-01-09,30.57,-81.21,Visual,1,Winter,,
2006-01-09,30.57,-81.22,Visual,1,Winter,,
2006-01-09,30.51,-81.17,Visual,1,Winter,,
2006-01-09,30.45,-81.18,Visual,1,Winter,,
2006-01-08,31.76,-80.82,Visual,1,Winter,,
2006-01-08,30.15,-81.31,Visual,1,Winter,,
2006-01-08,30.5,-81.23,Visual,1,Winter,,
2006-01-08,30.54,-81.1,Visual,1,Winter,,
2006-01-08,30.44,-81.3,Visual,1,Winter,,
2006-01-08,30.43,-81.29,Visual,1,Winter,,
2006-01-08,30.46,-81.29,Visual,1,Winter,,
2006-01-07,30.45,-81.29,Visual,1,Winter,,
2006-01-05,30.55,-81.31,Visual,1,Winter,,
2006-01-05,30.81,-81.19,Visual,1,Winter,,
2006-01-04,30.49,-81.33,Visual,1,Winter,,
2006-01-04,30.59,-81.35,Visual,1,Winter,,
2006-01-04,31.59,-80.73,Visual,1,Winter,,
2006-01-04,31.6,-80.74,Visual,1,Winter,,
2006-01-04,31.86,-80.76,Visual,1,Winter,,
2006-01-04,31.86,-80.8,Visual,1,Winter,,
2006-01-04,31.85,-80.82,Visual,1,Winter,,
2006-01-04,31.12,-81.24,Visual,1,Winter,,
2006-01-03,30.7,-81.05,Visual,1,Winter,,
2006-01-02,30.69,-81.41,Visual,1,Winter,,
2006-01-02,30.68,-81.41,Visual,1,Winter,,
2006-01-02,30.32,-81.36,Visual,1,Winter,,
2005-12-31,30.86,-81.3,Visual,1,Winter,,
2005-12-31,30.87,-81.32,Visual,1,Winter,,
2005-12-31,30.87,-81.31,Visual,1,Winter,,
2005-12-31,30.51,-81.37,Visual,1,Winter,,
2005-12-30,30.7,-81.34,Visual,1,Winter,,
2005-12-30,30.78,-80.93,Visual,1,Winter,,
2005-12-30,30.84,-81.07,Visual,1,Winter,,
2005-12-30,31.59,-81.02,Visual,1,Winter,,
2005-12-30,30.88,-81.3,Visual,1,Winter,,
2005-12-30,31.03,-81.18,Visual,1,Winter,,
2005-12-30,29.99,-81.21,Visual,1,Winter,,
2005-12-28,30.83,-81.14,Visual,1,Winter,,
2005-12-28,31.18,-80.82,Visual,1,Winter,,
2005-12-27,30.32,-81.32,Visual,1,Winter,,
2005-12-27,30.47,-81.16,Visual,1,Winter,,
2005-12-27,30.68,-81.08,Visual,1,Winter,,
2005-12-27,30.95,-81.08,Visual,1,Winter,,
2005-12-27,31.05,-81.17,Visual,1,Winter,,
2005-12-24,30.87,-81.14,Visual,1,Winter,,
2005-12-24,30.75,-81.24,Visual,1,Winter,,
2005-12-24,30.62,-81.42,Visual,1,Winter,,
2005-12-24,30.87,-81.16,Visual,1,Winter,,
2005-12-23,30.3,-81.12,Visual,1,Winter,,
2005-12-23,30.35,-81.23,Visual,1,Winter,,
2005-12-23,30.09,-81.1,Visual,1,Winter,,
2005-12-21,31.03,-81.14,Visual,1,Winter,,
2005-12-21,31.4,-81.0,Visual,1,Winter,,
2005-12-20,30.26,-81.28,Visual,1,Winter,,
2005-12-20,30.25,-81.31,Visual,1,Winter,,
2005-12-16,30.63,-81.23,Visual,1,Winter,,
2005-12-16,30.78,-81.27,Visual,1,Winter,,
2005-12-12,35.28,-75.0,Visual,1,Winter,,
2005-12-12,30.72,-81.34,Visual,1,Winter,,
2005-12-12,31.88,-80.74,Visual,1,Winter,,
2005-12-12,31.79,-80.93,Visual,1,Winter,,
2005-12-05,29.18,-80.7,Visual,1,Winter,,
2005-12-04,29.81,-81.19,Visual,1,Winter,,
2005-12-03,32.9,-79.36,Visual,1,Winter,,
2005-12-03,31.23,-80.96,Visual,1,Winter,,
2005-12-03,30.15,-81.35,Visual,1,Winter,,
2005-12-03,31.17,-80.99,Visual,1,Winter,,
2005-12-01,32.26,-80.4,Visual,1,Winter,,
2005-03-29,31.31,-81.01,Visual,1,Spring,,
2005-03-24,31.47,-80.9,Visual,1,Spring,,
2005-03-21,32.86,-79.09,Visual,1,Spring,,
2005-03-21,31.28,-80.9,Visual,1,Spring,,
2005-03-20,30.49,-80.95,Visual,1,Spring,,
2005-03-20,30.52,-80.94,Visual,1,Spring,,
2005-03-20,32.37,-79.86,Visual,1,Spring,,
2005-03-20,31.03,-81.25,Visual,1,Spring,,
2005-03-20,31.13,-81.11,Visual,1,Spring,,
2005-03-19,30.55,-80.99,Visual,1,Spring,,
2005-03-19,29.9,-81.25,Visual,1,Spring,,
2005-03-19,28.01,-80.46,Visual,1,Spring,,
2005-03-19,29.91,-81.27,Visual,1,Spring,,
2005-03-18,31.06,-80.94,Visual,1,Spring,,
2005-03-13,30.57,-81.14,Visual,1,Spring,,
2005-03-13,30.68,-81.43,Visual,1,Spring,,
2005-03-13,30.67,-81.42,Visual,1,Spring,,
2005-03-10,30.97,-81.23,Visual,1,Spring,,
2005-03-10,31.12,-80.98,Visual,1,Spring,,
2005-03-10,31.47,-80.88,Visual,1,Spring,,
2005-03-09,30.94,-81.24,Visual,1,Spring,,
2005-03-07,30.49,-81.27,Visual,1,Spring,,
2005-03-07,30.46,-81.24,Visual,1,Spring,,
2005-03-07,32.52,-80.1,Visual,1,Spring,,
2005-03-07,32.52,-80.11,Visual,1,Spring,,
2005-03-07,31.33,-81.07,Visual,1,Spring,,
2005-03-07,31.32,-81.08,Visual,1,Spring,,
2005-03-07,31.31,-81.1,Visual,1,Spring,,
2005-03-07,31.32,-81.18,Visual,1,Spring,,
2005-03-07,31.52,-80.96,Visual,1,Spring,,
2005-03-07,29.95,-81.29,Visual,1,Spring,,
2005-03-07,30.22,-81.32,Visual,1,Spring,,
2005-03-06,30.76,-81.1,Visual,1,Spring,,
2005-03-06,32.11,-80.36,Visual,1,Spring,,
2005-03-06,29.87,-81.22,Visual,1,Spring,,
2005-03-05,30.76,-80.84,Visual,1,Spring,,
2005-03-05,30.66,-81.21,Visual,1,Spring,,
2005-03-05,30.58,-81.06,Visual,1,Spring,,
2005-03-05,31.08,-81.25,Visual,1,Spring,,
2005-03-05,31.06,-81.04,Visual,1,Spring,,
2005-03-05,31.07,-81.06,Visual,1,Spring,,
2005-03-05,30.02,-81.18,Visual,1,Spring,,
2005-03-04,30.79,-81.2,Visual,1,Spring,,
2005-03-04,30.67,-81.04,Visual,1,Spring,,
2005-03-04,30.67,-81.05,Visual,1,Spring,,
2005-03-04,30.61,-80.8,Visual,1,Spring,,
2005-03-04,30.29,-81.21,Visual,1,Spring,,
2005-03-04,30.33,-81.15,Visual,1,Spring,,
2005-03-04,30.35,-81.15,Visual,1,Spring,,
2005-03-04,30.91,-81.09,Visual,1,Spring,,
2005-03-04,30.94,-81.2,Visual,1,Spring,,
2005-03-03,30.85,-81.19,Visual,1,Spring,,
2005-03-03,30.77,-81.24,Visual,1,Spring,,
2005-03-03,30.58,-81.27,Visual,1,Spring,,
2005-03-03,30.42,-81.09,Visual,1,Spring,,
2005-03-03,29.83,-81.25,Visual,1,Spring,,
2005-03-03,29.92,-81.25,Visual,1,Spring,,
2005-03-03,30.14,-81.16,Visual,1,Spring,,
2005-03-03,30.24,-81.32,Visual,1,Spring,,
2005-03-02,30.6,-81.23,Visual,1,Spring,,
2005-03-02,30.56,-81.27,Visual,1,Spring,,
2005-03-02,30.56,-81.28,Visual,1,Spring,,
2005-03-02,30.55,-81.28,Visual,1,Spring,,
2005-03-02,30.94,-80.97,Visual,1,Spring,,
2005-02-28,30.72,-80.9,Visual,1,Winter,,
2005-02-28,30.54,-81.11,Visual,1,Winter,,
2005-02-28,30.46,-81.22,Visual,1,Winter,,
2005-02-28,31.03,-80.77,Visual,1,Winter,,
2005-02-28,31.03,-80.89,Visual,1,Winter,,
2005-02-28,29.5,-81.12,Visual,1,Winter,,
2005-02-28,30.0,-81.07,Visual,1,Winter,,
2005-02-28,30.01,-81.08,Visual,1,Winter,,
2005-02-28,30.0,-81.09,Visual,1,Winter,,
2005-02-28,30.16,-81.2,Visual,1,Winter,,
2005-02-24,30.36,-81.33,Visual,1,Winter,,
2005-02-24,30.37,-81.34,Visual,1,Winter,,
2005-02-24,30.33,-81.3,Visual,1,Winter,,
2005-02-24,30.32,-81.27,Visual,1,Winter,,
2005-02-24,31.06,-81.21,Visual,1,Winter,,
2005-02-24,29.15,-80.84,Visual,1,Winter,,
2005-02-24,28.7,-80.66,Visual,1,Winter,,
2005-02-23,29.39,-81.03,Visual,1,Winter,,
2005-02-23,28.87,-80.78,Visual,1,Winter,,
2005-02-23,29.37,-81.07,Visual,1,Winter,,
2005-02-23,29.88,-81.2,Visual,1,Winter,,
2005-02-23,29.84,-81.06,Visual,1,Winter,,
2005-02-23,29.87,-81.0,Visual,1,Winter,,
2005-02-22,30.39,-81.05,Visual,1,Winter,,
2005-02-22,30.45,-81.25,Visual,1,Winter,,
2005-02-22,30.15,-81.33,Visual,1,Winter,,
2005-02-22,30.13,-81.29,Visual,1,Winter,,
2005-02-21,30.3,-81.09,Visual,1,Winter,,
2005-02-21,31.09,-81.27,Visual,1,Winter,,
2005-02-21,31.2,-81.14,Visual,1,Winter,,
2005-02-21,29.9,-81.14,Visual,1,Winter,,
2005-02-20,30.5,-81.15,Visual,1,Winter,,
2005-02-20,30.84,-81.17,Visual,1,Winter,,
2005-02-20,30.64,-81.3,Visual,1,Winter,,
2005-02-20,30.88,-80.94,Visual,1,Winter,,
2005-02-20,31.08,-80.92,Visual,1,Winter,,
2005-02-20,31.15,-81.27,Visual,1,Winter,,
2005-02-20,31.53,-80.87,Visual,1,Winter,,
2005-02-20,30.26,-81.27,Visual,1,Winter,,
2005-02-20,30.2,-81.36,Visual,1,Winter,,
2005-02-20,30.15,-81.33,Visual,1,Winter,,
2005-02-20,30.13,-81.31,Visual,1,Winter,,
2005-02-19,30.32,-81.23,Visual,1,Winter,,
2005-02-19,30.65,-81.27,Visual,1,Winter,,
2005-02-19,30.7,-81.32,Visual,1,Winter,,
2005-02-19,30.8,-81.39,Visual,1,Winter,,
2005-02-19,30.79,-81.16,Visual,1,Winter,,
2005-02-19,31.43,-80.97,Visual,1,Winter,,
2005-02-19,31.44,-80.94,Visual,1,Winter,,
2005-02-19,29.71,-81.22,Visual,1,Winter,,
2005-02-19,28.07,-80.5,Visual,1,Winter,,
2005-02-19,29.11,-80.93,Visual,1,Winter,,
2005-02-19,29.21,-80.99,Visual,1,Winter,,
2005-02-19,29.66,-81.2,Visual,1,Winter,,
2005-02-19,30.19,-81.2,Visual,1,Winter,,
2005-02-19,30.25,-81.13,Visual,1,Winter,,
2005-02-19,30.11,-81.32,Visual,1,Winter,,
2005-02-18,30.01,-81.31,Visual,1,Winter,,
2005-02-17,30.25,-81.16,Visual,1,Winter,,
2005-02-17,30.59,-81.12,Visual,1,Winter,,
2005-02-17,31.58,-81.09,Visual,1,Winter,,
2005-02-17,30.23,-81.16,Visual,1,Winter,,
2005-02-17,30.06,-81.32,Visual,1,Winter,,
2005-02-16,30.64,-80.86,Visual,1,Winter,,
2005-02-16,30.08,-81.29,Visual,1,Winter,,
2005-02-16,30.0,-81.26,Visual,1,Winter,,
2005-02-15,30.0,-81.23,Visual,1,Winter,,
2005-02-15,30.17,-81.34,Visual,1,Winter,,
2005-02-15,30.14,-81.34,Visual,1,Winter,,
2005-02-15,29.91,-81.24,Visual,1,Winter,,
2005-02-14,30.32,-81.03,Visual,1,Winter,,
2005-02-14,32.03,-80.78,Visual,1,Winter,,
2005-02-14,30.89,-81.21,Visual,1,Winter,,
2005-02-14,30.09,-81.06,Visual,1,Winter,,
2005-02-14,30.25,-81.36,Visual,1,Winter,,
2005-02-14,30.26,-81.33,Visual,1,Winter,,
2005-02-13,30.27,-80.95,Visual,1,Winter,,
2005-02-13,30.33,-81.35,Visual,1,Winter,,
2005-02-13,30.28,-81.37,Visual,1,Winter,,
2005-02-13,30.28,-81.36,Visual,1,Winter,,
2005-02-13,30.74,-81.32,Visual,1,Winter,,
2005-02-13,29.86,-81.1,Visual,1,Winter,,
2005-02-13,30.24,-81.02,Visual,1,Winter,,
2005-02-13,30.27,-81.34,Visual,1,Winter,,
2005-02-12,30.57,-81.23,Visual,1,Winter,,
2005-02-12,30.87,-80.99,Visual,1,Winter,,
2005-02-12,30.97,-80.98,Visual,1,Winter,,
2005-02-12,31.28,-80.9,Visual,1,Winter,,
2005-02-12,30.09,-81.29,Visual,1,Winter,,
2005-02-12,30.21,-81.3,Visual,1,Winter,,
2005-02-12,30.2,-81.33,Visual,1,Winter,,
2005-02-12,30.19,-81.36,Visual,1,Winter,,
2005-02-11,30.48,-81.06,Visual,1,Winter,,
2005-02-11,30.36,-81.04,Visual,1,Winter,,
2005-02-11,30.37,-81.09,Visual,1,Winter,,
2005-02-10,30.63,-81.16,Visual,1,Winter,,
2005-02-10,30.78,-81.18,Visual,1,Winter,,
2005-02-09,30.38,-81.23,Visual,1,Winter,,
2005-02-09,27.98,-80.49,Visual,1,Winter,,
2005-02-09,28.65,-80.59,Visual,1,Winter,,
2005-02-09,29.66,-81.19,Visual,1,Winter,,
2005-02-09,29.85,-81.25,Visual,1,Winter,,
2005-02-08,29.94,-81.09,Visual,1,Winter,,
2005-02-08,29.97,-81.19,Visual,1,Winter,,
2005-02-07,30.25,-81.19,Visual,1,Winter,,
2005-02-07,30.25,-81.18,Visual,1,Winter,,
2005-02-06,29.84,-81.2,Visual,1,Winter,,
2005-02-06,29.94,-81.2,Visual,1,Winter,,
2005-01-31,28.05,-80.53,Visual,1,Winter,,
2005-01-27,28.37,-80.45,Visual,1,Winter,,
2005-01-27,30.09,-80.96,Visual,1,Winter,,
2005-01-27,30.19,-80.91,Visual,1,Winter,,
2005-01-26,28.86,-80.77,Visual,1,Winter,,
2005-01-25,30.64,-81.2,Visual,1,Winter,,
2005-01-25,30.68,-81.22,Visual,1,Winter,,
2005-01-25,28.54,-80.48,Visual,1,Winter,,
2005-01-25,29.98,-81.08,Visual,1,Winter,,
2005-01-24,31.14,-81.07,Visual,1,Winter,,
2005-01-24,31.48,-80.98,Visual,1,Winter,,
2005-01-24,30.09,-81.31,Visual,1,Winter,,
2005-01-22,30.47,-81.23,Visual,1,Winter,,
2005-01-22,30.57,-81.27,Visual,1,Winter,,
2005-01-21,30.34,-80.8,Visual,1,Winter,,
2005-01-21,32.03,-80.59,Visual,1,Winter,,
2005-01-21,31.67,-80.68,Visual,1,Winter,,
2005-01-21,31.03,-81.34,Visual,1,Winter,,
2005-01-21,31.5,-80.87,Visual,1,Winter,,
2005-01-20,33.47,-79.09,Visual,1,Winter,,
2005-01-20,33.48,-79.07,Visual,1,Winter,,
2005-01-20,30.92,-81.13,Visual,1,Winter,,
2005-01-20,30.98,-80.81,Visual,1,Winter,,
2005-01-20,30.05,-81.26,Visual,1,Winter,,
2005-01-19,30.52,-81.21,Visual,1,Winter,,
2005-01-19,30.75,-81.01,Visual,1,Winter,,
2005-01-19,30.88,-80.98,Visual,1,Winter,,
2005-01-19,30.99,-81.09,Visual,1,Winter,,
2005-01-19,29.15,-80.96,Visual,1,Winter,,
2005-01-19,30.01,-81.09,Visual,1,Winter,,
2005-01-13,32.04,-80.59,Visual,1,Winter,,
2005-01-12,30.74,-81.17,Visual,1,Winter,,
2005-01-12,30.42,-81.39,Visual,1,Winter,,
2005-01-12,30.7,-81.14,Visual,1,Winter,,
2005-01-12,30.79,-81.26,Visual,1,Winter,,
2005-01-12,30.87,-81.1,Visual,1,Winter,,
2005-01-12,30.83,-81.28,Visual,1,Winter,,
2005-01-11,30.48,-81.02,Visual,1,Winter,,
2005-01-11,30.7,-81.0,Visual,1,Winter,,
2005-01-11,30.75,-81.18,Visual,1,Winter,,
2005-01-11,30.74,-81.16,Visual,1,Winter,,
2005-01-11,32.68,-79.67,Visual,1,Winter,,
2005-01-11,31.09,-81.34,Visual,1,Winter,,
2005-01-11,30.89,-80.88,Visual,1,Winter,,
2005-01-11,31.07,-81.15,Visual,1,Winter,,
2005-01-11,31.13,-81.16,Visual,1,Winter,,
2005-01-09,30.36,-81.28,Visual,1,Winter,,
2005-01-08,30.63,-81.2,Visual,1,Winter,,
2005-01-08,30.62,-81.15,Visual,1,Winter,,
2005-01-08,30.6,-81.14,Visual,1,Winter,,
2005-01-08,30.43,-81.11,Visual,1,Winter,,
2005-01-08,30.26,-81.0,Visual,1,Winter,,
2005-01-08,30.1,-81.34,Visual,1,Winter,,
2005-01-07,30.34,-81.34,Visual,1,Winter,,
2005-01-07,31.37,-80.9,Visual,1,Winter,,
2005-01-07,30.9,-81.07,Visual,1,Winter,,
2005-01-07,31.22,-80.73,Visual,1,Winter,,
2005-01-06,30.34,-81.19,Visual,1,Winter,,
2005-01-05,30.54,-81.32,Visual,1,Winter,,
2005-01-05,30.55,-81.25,Visual,1,Winter,,
2005-01-04,30.68,-81.15,Visual,1,Winter,,
2005-01-04,30.53,-81.27,Visual,1,Winter,,
2005-01-04,31.08,-81.27,Visual,1,Winter,,
2005-01-03,30.29,-80.84,Visual,1,Winter,,
2005-01-03,30.66,-81.19,Visual,1,Winter,,
2005-01-03,32.09,-80.56,Visual,1,Winter,,
2005-01-03,32.08,-80.55,Visual,1,Winter,,
2005-01-03,30.01,-81.25,Visual,1,Winter,,
2005-01-03,30.07,-81.18,Visual,1,Winter,,
2005-01-03,29.98,-81.31,Visual,1,Winter,,
2005-01-02,30.33,-81.16,Visual,1,Winter,,
2005-01-02,30.59,-81.24,Visual,1,Winter,,
2005-01-02,30.64,-81.26,Visual,1,Winter,,
2005-01-02,31.03,-81.3,Visual,1,Winter,,
2005-01-02,30.03,-81.32,Visual,1,Winter,,
2005-01-01,30.49,-81.14,Visual,1,Winter,,
2005-01-01,30.8,-81.24,Visual,1,Winter,,
2005-01-01,30.06,-81.3,Visual,1,Winter,,
2004-12-31,32.09,-80.01,Visual,1,Winter,,
2004-12-31,32.08,-80.53,Visual,1,Winter,,
2004-12-31,31.24,-81.09,Visual,1,Winter,,
2004-12-31,31.5,-81.12,Visual,1,Winter,,
2004-12-31,30.01,-81.25,Visual,1,Winter,,
2004-12-31,30.0,-81.26,Visual,1,Winter,,
2004-12-30,30.62,-81.27,Visual,1,Winter,,
2004-12-30,32.44,-80.05,Visual,1,Winter,,
2004-12-30,32.69,-79.56,Visual,1,Winter,,
2004-12-30,32.55,-79.65,Visual,1,Winter,,
2004-12-30,31.12,-80.98,Visual,1,Winter,,
2004-12-29,30.43,-81.21,Visual,1,Winter,,
2004-12-29,30.58,-81.19,Visual,1,Winter,,
2004-12-29,30.08,-81.22,Visual,1,Winter,,
2004-12-24,30.68,-81.19,Visual,1,Winter,,
2004-12-22,30.55,-81.16,Visual,1,Winter,,
2004-12-22,31.73,-80.88,Visual,1,Winter,,
2004-12-22,31.59,-81.08,Visual,1,Winter,,
2004-12-22,31.29,-81.14,Visual,1,Winter,,
2004-12-22,31.3,-81.08,Visual,1,Winter,,
2004-12-22,30.03,-81.26,Visual,1,Winter,,
2004-12-21,31.52,-81.01,Visual,1,Winter,,
2004-12-21,31.54,-81.0,Visual,1,Winter,,
2004-12-21,31.53,-81.04,Visual,1,Winter,,
2004-12-17,32.19,-80.43,Visual,1,Winter,,
2004-12-16,33.1,-79.02,Visual,1,Winter,,
2004-12-16,33.23,-78.93,Visual,1,Winter,,
2004-12-16,33.4,-78.77,Visual,1,Winter,,
2004-12-12,32.28,-80.18,Visual,1,Winter,,
2004-12-09,30.79,-80.78,Visual,1,Winter,,
2004-12-08,29.92,-81.1,Visual,1,Winter,,
2004-12-07,30.52,-81.25,Visual,1,Winter,,
2004-12-07,32.81,-79.57,Visual,1,Winter,,
2004-12-07,32.46,-79.76,Visual,1,Winter,,
2004-12-07,31.51,-81.02,Visual,1,Winter,,
2004-12-06,31.2,-81.16,Visual,1,Winter,,
2004-12-04,31.7,-81.01,Visual,1,Winter,,
2004-03-30,31.04,-81.01,Visual,1,Spring,,
2004-03-30,31.24,-81.1,Visual,1,Spring,,
2004-03-27,31.02,-81.34,Visual,1,Spring,,
2004-03-25,30.79,-81.44,Visual,1,Spring,,
2004-03-20,31.09,-81.27,Visual,1,Spring,,
2004-03-18,30.43,-81.03,Visual,1,Spring,,
2004-03-18,31.08,-81.15,Visual,1,Spring,,
2004-03-18,29.85,-80.47,Visual,1,Spring,,
2004-03-17,30.32,-81.1,Visual,1,Spring,,
2004-03-17,31.19,-81.03,Visual,1,Spring,,
2004-03-15,30.38,-81.3,Visual,1,Spring,,
2004-03-15,30.78,-81.3,Visual,1,Spring,,
2004-03-15,30.82,-81.35,Visual,1,Spring,,
2004-03-14,30.81,-81.22,Visual,1,Spring,,
2004-03-14,31.24,-81.06,Visual,1,Spring,,
2004-03-13,30.84,-81.06,Visual,1,Spring,,
2004-03-12,30.84,-81.15,Visual,1,Spring,,
2004-03-12,30.84,-81.14,Visual,1,Spring,,
2004-03-12,31.29,-81.05,Visual,1,Spring,,
2004-03-11,30.31,-80.97,Visual,1,Spring,,
2004-03-11,31.08,-80.87,Visual,1,Spring,,
2004-03-11,30.24,-80.86,Visual,1,Spring,,
2004-03-09,30.63,-81.14,Visual,1,Spring,,
2004-03-09,30.68,-81.19,Visual,1,Spring,,
2004-03-09,30.42,-81.37,Visual,1,Spring,,
2004-03-09,30.87,-81.12,Visual,1,Spring,,
2004-03-08,30.35,-81.17,Visual,1,Spring,,
2004-03-07,30.57,-81.05,Visual,1,Spring,,
2004-03-07,30.47,-81.04,Visual,1,Spring,,
2004-03-07,30.31,-80.73,Visual,1,Spring,,
2004-03-07,30.18,-81.24,Visual,1,Spring,,
2004-03-06,30.64,-81.04,Visual,1,Spring,,
2004-03-06,30.82,-81.22,Visual,1,Spring,,
2004-03-05,30.35,-81.18,Visual,1,Spring,,
2004-03-05,30.52,-81.09,Visual,1,Spring,,
2004-03-05,29.85,-80.98,Visual,1,Spring,,
2004-03-04,30.58,-81.24,Visual,1,Spring,,
2004-03-04,30.24,-81.23,Visual,1,Spring,,
2004-03-03,30.28,-81.21,Visual,1,Spring,,
2004-03-03,27.86,-80.44,Visual,1,Spring,,
2004-03-03,30.24,-81.23,Visual,1,Spring,,
2004-03-03,30.23,-81.23,Visual,1,Spring,,
2004-03-02,30.62,-81.34,Visual,1,Spring,,
2004-03-02,30.78,-80.99,Visual,1,Spring,,
2004-03-02,28.58,-80.51,Visual,1,Spring,,
2004-03-02,28.07,-80.55,Visual,1,Spring,,
2004-03-02,29.98,-81.29,Visual,1,Spring,,
2004-03-01,30.25,-81.02,Visual,1,Spring,,
2004-03-01,29.98,-81.3,Visual,1,Spring,,
2004-03-01,28.26,-80.6,Visual,1,Spring,,
2004-03-01,29.68,-81.21,Visual,1,Spring,,
2004-03-01,30.24,-81.04,Visual,1,Spring,,
2004-02-29,29.83,-81.11,Visual,1,Winter,,
2004-02-23,30.39,-81.38,Visual,1,Winter,,
2004-02-23,30.59,-81.26,Visual,1,Winter,,
2004-02-23,30.67,-81.41,Visual,1,Winter,,
2004-02-23,29.55,-81.16,Visual,1,Winter,,
2004-02-22,30.55,-81.35,Visual,1,Winter,,
2004-02-22,31.18,-81.15,Visual,1,Winter,,
2004-02-22,31.54,-80.71,Visual,1,Winter,,
2004-02-22,29.88,-81.1,Visual,1,Winter,,
2004-02-21,30.39,-81.23,Visual,1,Winter,,
2004-02-20,30.28,-81.15,Visual,1,Winter,,
2004-02-20,30.69,-81.35,Visual,1,Winter,,
2004-02-20,31.33,-80.99,Visual,1,Winter,,
2004-02-20,29.39,-81.03,Visual,1,Winter,,
2004-02-20,30.22,-81.13,Visual,1,Winter,,
2004-02-19,30.4,-81.2,Visual,1,Winter,,
2004-02-19,30.58,-81.26,Visual,1,Winter,,
2004-02-19,30.67,-81.15,Visual,1,Winter,,
2004-02-19,31.09,-81.0,Visual,1,Winter,,
2004-02-18,31.08,-80.94,Visual,1,Winter,,
2004-02-16,30.17,-81.08,Visual,1,Winter,,
2004-02-15,31.21,-81.08,Visual,1,Winter,,
2004-02-10,30.44,-81.27,Visual,1,Winter,,
2004-02-10,31.33,-81.06,Visual,1,Winter,,
2004-02-10,31.49,-80.98,Visual,1,Winter,,
2004-02-10,29.45,-81.1,Visual,1,Winter,,
2004-02-05,30.56,-81.29,Visual,1,Winter,,
2004-02-05,29.57,-81.15,Visual,1,Winter,,
2004-02-05,29.88,-81.26,Visual,1,Winter,,
2004-02-05,30.16,-81.3,Visual,1,Winter,,
2004-02-04,31.08,-81.25,Visual,1,Winter,,
2004-02-04,29.57,-81.16,Visual,1,Winter,,
2004-02-03,30.81,-81.21,Visual,1,Winter,,
2004-02-03,29.08,-80.91,Visual,1,Winter,,
2004-01-30,30.28,-81.27,Visual,1,Winter,,
2004-01-30,30.79,-81.37,Visual,1,Winter,,
2004-01-30,30.85,-81.19,Visual,1,Winter,,
2004-01-30,31.05,-81.23,Visual,1,Winter,,
2004-01-30,31.4,-81.01,Visual,1,Winter,,
2004-01-29,30.92,-81.24,Visual,1,Winter,,
2004-01-29,30.99,-81.3,Visual,1,Winter,,
2004-01-25,30.25,-81.04,Visual,1,Winter,,
2004-01-25,30.4,-81.38,Visual,1,Winter,,
2004-01-25,30.5,-81.38,Visual,1,Winter,,
2004-01-25,30.18,-81.29,Visual,1,Winter,,
2004-01-24,30.43,-81.11,Visual,1,Winter,,
2004-01-22,30.76,-81.28,Visual,1,Winter,,
2004-01-22,30.32,-81.35,Visual,1,Winter,,
2004-01-22,29.88,-81.02,Visual,1,Winter,,
2004-01-22,30.23,-81.27,Visual,1,Winter,,
2004-01-21,30.4,-81.35,Visual,1,Winter,,
2004-01-21,30.44,-81.39,Visual,1,Winter,,
2004-01-21,30.38,-81.46,Visual,1,Winter,,
2004-01-21,30.74,-81.32,Visual,1,Winter,,
2004-01-21,30.98,-81.23,Visual,1,Winter,,
2004-01-21,30.0,-81.31,Visual,1,Winter,,
2004-01-21,30.2,-81.33,Visual,1,Winter,,
2004-01-20,30.49,-81.36,Visual,1,Winter,,
2004-01-19,31.39,-80.95,Visual,1,Winter,,
2004-01-19,29.93,-81.16,Visual,1,Winter,,
2004-01-17,30.65,-81.3,Visual,1,Winter,,
2004-01-17,30.63,-81.36,Visual,1,Winter,,
2004-01-17,30.84,-81.19,Visual,1,Winter,,
2004-01-17,30.95,-81.25,Visual,1,Winter,,
2004-01-17,29.9,-81.27,Visual,1,Winter,,
2004-01-16,30.25,-81.3,Visual,1,Winter,,
2004-01-15,30.39,-81.06,Visual,1,Winter,,
2004-01-14,30.3,-81.37,Visual,1,Winter,,
2004-01-14,30.28,-81.37,Visual,1,Winter,,
2004-01-14,30.32,-81.22,Visual,1,Winter,,
2004-01-14,30.31,-81.21,Visual,1,Winter,,
2004-01-14,30.48,-81.35,Visual,1,Winter,,
2004-01-14,30.91,-81.35,Visual,1,Winter,,
2004-01-14,29.69,-81.18,Visual,1,Winter,,
2004-01-14,30.23,-81.22,Visual,1,Winter,,
2004-01-12,30.58,-81.33,Visual,1,Winter,,
2004-01-12,29.34,-81.04,Visual,1,Winter,,
2004-01-12,30.01,-81.19,Visual,1,Winter,,
2004-01-09,30.49,-81.36,Visual,1,Winter,,
2004-01-08,30.65,-81.32,Visual,1,Winter,,
2004-01-08,31.54,-81.05,Visual,1,Winter,,
2004-01-05,30.83,-81.38,Visual,1,Winter,,
2004-01-05,31.48,-80.98,Visual,1,Winter,,
2004-01-04,30.75,-81.3,Visual,1,Winter,,
2004-01-04,30.86,-81.26,Visual,1,Winter,,
2004-01-04,30.03,-81.16,Visual,1,Winter,,
2004-01-04,30.04,-81.3,Visual,1,Winter,,
2004-01-03,30.82,-81.26,Visual,1,Winter,,
2004-01-03,30.85,-81.25,Visual,1,Winter,,
2004-01-03,31.29,-80.88,Visual,1,Winter,,
2004-01-03,31.49,-80.83,Visual,1,Winter,,
2004-01-03,30.17,-81.32,Visual,1,Winter,,
2004-01-02,30.19,-81.24,Visual,1,Winter,,
2004-01-02,31.34,-80.86,Visual,1,Winter,,
2004-01-02,31.28,-81.14,Visual,1,Winter,,
2004-01-02,30.99,-81.26,Visual,1,Winter,,
2004-01-01,30.48,-81.32,Visual,1,Winter,,
2004-01-01,30.5,-81.31,Visual,1,Winter,,
2004-01-01,30.63,-81.3,Visual,1,Winter,,
2004-01-01,30.77,-81.24,Visual,1,Winter,,
2003-12-31,30.93,-81.29,Visual,1,Winter,,
2003-12-30,30.49,-81.35,Visual,1,Winter,,
2003-12-30,30.46,-81.36,Visual,1,Winter,,
2003-12-30,30.39,-81.22,Visual,1,Winter,,
2003-12-30,31.03,-81.22,Visual,1,Winter,,
2003-12-29,30.35,-81.37,Visual,1,Winter,,
2003-12-29,30.99,-81.27,Visual,1,Winter,,
2003-12-29,31.39,-81.08,Visual,1,Winter,,
2003-12-28,30.67,-81.3,Visual,1,Winter,,
2003-12-24,30.99,-81.11,Visual,1,Winter,,
2003-12-23,30.34,-81.36,Visual,1,Winter,,
2003-12-23,30.46,-81.38,Visual,1,Winter,,
2003-12-23,31.03,-81.14,Visual,1,Winter,,
2003-12-22,31.44,-81.06,Visual,1,Winter,,
2003-12-21,30.69,-81.34,Visual,1,Winter,,
2003-12-21,29.89,-81.16,Visual,1,Winter,,
2003-12-21,29.93,-81.12,Visual,1,Winter,,
2003-12-19,30.06,-81.31,Visual,1,Winter,,
2003-12-19,30.05,-81.32,Visual,1,Winter,,
2003-12-18,30.0,-81.27,Visual,1,Winter,,
2003-12-18,29.99,-81.31,Visual,1,Winter,,
2003-12-16,30.44,-81.36,Visual,1,Winter,,
2003-12-16,30.63,-81.25,Visual,1,Winter,,
2003-12-16,30.79,-81.3,Visual,1,Winter,,
2003-12-15,30.66,-81.35,Visual,1,Winter,,
2003-12-15,30.67,-81.35,Visual,1,Winter,,
2003-12-09,30.72,-81.3,Visual,1,Winter,,
2003-12-09,30.77,-81.29,Visual,1,Winter,,
2003-12-09,31.48,-81.07,Visual,1,Winter,,
2003-03-19,30.93,-81.22,Visual,1,Spring,,
2003-03-18,30.99,-81.08,Visual,1,Spring,,
2003-03-17,30.85,-81.03,Visual,1,Spring,,
2003-03-14,31.08,-81.0,Visual,1,Spring,,
2003-03-11,30.69,-81.3,Visual,1,Spring,,
2003-03-11,30.34,-81.35,Visual,1,Spring,,
2003-03-10,30.67,-81.16,Visual,1,Spring,,
2003-03-10,30.73,-81.31,Visual,1,Spring,,
2003-03-10,31.05,-81.04,Visual,1,Spring,,
2003-03-06,30.73,-81.33,Visual,1,Spring,,
2003-03-06,30.93,-81.31,Visual,1,Spring,,
2003-03-05,30.7,-81.24,Visual,1,Spring,,
2003-03-05,30.53,-81.2,Visual,1,Spring,,
2003-03-05,30.45,-81.26,Visual,1,Spring,,
2003-03-05,30.39,-81.19,Visual,1,Spring,,
2003-03-03,30.39,-81.16,Visual,1,Spring,,
2003-03-02,30.82,-81.25,Visual,1,Spring,,
2003-02-20,30.52,-81.42,Visual,1,Winter,,
2003-02-20,30.53,-81.3,Visual,1,Winter,,
2003-02-20,30.48,-81.25,Visual,1,Winter,,
2003-02-20,30.28,-81.18,Visual,1,Winter,,
2003-02-20,30.24,-81.09,Visual,1,Winter,,
2003-02-20,30.22,-81.28,Visual,1,Winter,,
2003-02-20,30.19,-81.18,Visual,1,Winter,,
2003-02-19,30.99,-81.24,Visual,1,Winter,,
2003-02-19,30.98,-81.24,Visual,1,Winter,,
2003-02-19,30.75,-81.35,Visual,1,Winter,,
2003-02-19,30.63,-81.14,Visual,1,Winter,,
2003-02-19,30.29,-81.07,Visual,1,Winter,,
2003-02-19,30.2,-81.28,Visual,1,Winter,,
2003-02-19,30.2,-81.27,Visual,1,Winter,,
2003-02-19,30.19,-81.28,Visual,1,Winter,,
2003-02-18,30.51,-81.2,Visual,1,Winter,,
2003-02-18,30.24,-81.24,Visual,1,Winter,,
2003-02-15,30.63,-81.14,Visual,1,Winter,,
2003-02-14,31.2,-81.13,Visual,1,Winter,,
2003-02-14,30.64,-81.23,Visual,1,Winter,,
2003-02-14,30.34,-81.19,Visual,1,Winter,,
2003-02-14,30.21,-81.28,Visual,1,Winter,,
2003-02-13,30.32,-81.18,Visual,1,Winter,,
2003-02-13,30.44,-81.25,Visual,1,Winter,,
2003-02-12,30.69,-81.07,Visual,1,Winter,,
2003-02-12,30.62,-81.15,Visual,1,Winter,,
2003-02-12,30.58,-81.26,Visual,1,Winter,,
2003-02-11,30.77,-81.13,Visual,1,Winter,,
2003-01-26,30.43,-81.21,Visual,1,Winter,,
2003-01-26,30.55,-81.21,Visual,1,Winter,,
2003-01-26,30.64,-81.12,Visual,1,Winter,,
2003-01-26,31.32,-81.1,Visual,1,Winter,,
2003-01-26,31.39,-80.83,Visual,1,Winter,,
2003-01-26,29.32,-80.97,Visual,1,Winter,,
2003-01-26,29.95,-81.04,Visual,1,Winter,,
2003-01-26,30.25,-81.14,Visual,1,Winter,,
2003-01-25,30.56,-80.98,Visual,1,Winter,,
2003-01-25,30.66,-80.99,Visual,1,Winter,,
2003-01-25,30.38,-81.13,Visual,1,Winter,,
2003-01-25,30.43,-81.19,Visual,1,Winter,,
2003-01-25,30.42,-81.14,Visual,1,Winter,,
2003-01-25,30.64,-81.13,Visual,1,Winter,,
2003-01-25,30.77,-81.0,Visual,1,Winter,,
2003-01-25,31.28,-81.09,Visual,1,Winter,,
2003-01-25,29.92,-81.26,Visual,1,Winter,,
2003-01-22,30.73,-81.2,Visual,1,Winter,,
2003-01-22,28.88,-80.77,Visual,1,Winter,,
2003-01-21,30.33,-81.19,Visual,1,Winter,,
2003-01-21,30.61,-81.27,Visual,1,Winter,,
2003-01-21,30.33,-81.28,Visual,1,Winter,,
2003-01-21,30.96,-81.21,Visual,1,Winter,,
2003-01-21,31.0,-81.28,Visual,1,Winter,,
2003-01-21,29.02,-80.84,Visual,1,Winter,,
2003-01-20,29.13,-80.94,Visual,1,Winter,,
2003-01-20,30.07,-81.32,Visual,1,Winter,,
2003-01-18,30.64,-81.23,Visual,1,Winter,,
2003-01-18,30.66,-81.36,Visual,1,Winter,,
2003-01-18,30.66,-81.33,Visual,1,Winter,,
2003-01-18,30.66,-81.32,Visual,1,Winter,,
2003-01-18,30.64,-81.27,Visual,1,Winter,,
2003-01-18,31.08,-81.26,Visual,1,Winter,,
2003-01-18,29.85,-81.24,Visual,1,Winter,,
2003-01-16,30.54,-81.34,Visual,1,Winter,,
2003-01-16,30.46,-81.27,Visual,1,Winter,,
2003-01-16,30.45,-81.26,Visual,1,Winter,,
2003-01-16,30.38,-81.16,Visual,1,Winter,,
2003-01-16,30.39,-81.24,Visual,1,Winter,,
2003-01-16,29.13,-80.93,Visual,1,Winter,,
2003-01-14,31.59,-80.95,Visual,1,Winter,,
2003-01-14,30.37,-81.34,Visual,1,Winter,,
2003-01-14,30.33,-81.2,Visual,1,Winter,,
2003-01-14,31.23,-80.99,Visual,1,Winter,,
2003-01-14,30.25,-81.13,Visual,1,Winter,,
2003-01-14,30.2,-81.18,Visual,1,Winter,,
2003-01-11,30.43,-81.32,Visual,1,Winter,,
2003-01-11,30.47,-81.18,Visual,1,Winter,,
2003-01-11,30.63,-81.15,Visual,1,Winter,,
2003-01-11,30.7,-81.32,Visual,1,Winter,,
2003-01-11,30.88,-81.02,Visual,1,Winter,,
2003-01-11,31.33,-81.05,Visual,1,Winter,,
2003-01-10,30.35,-81.27,Visual,1,Winter,,
2003-01-10,31.03,-81.17,Visual,1,Winter,,
2003-01-07,30.77,-81.26,Visual,1,Winter,,
2003-01-06,30.79,-81.39,Visual,1,Winter,,
2003-01-06,30.8,-81.35,Visual,1,Winter,,
2003-01-06,31.11,-80.98,Visual,1,Winter,,
2003-01-06,31.44,-81.0,Visual,1,Winter,,
2003-01-05,30.54,-81.17,Visual,1,Winter,,
2003-01-05,30.57,-81.32,Visual,1,Winter,,
2003-01-05,30.56,-81.19,Visual,1,Winter,,
2003-01-05,30.98,-81.21,Visual,1,Winter,,
2003-01-05,31.13,-80.95,Visual,1,Winter,,
2003-01-05,28.72,-80.68,Visual,1,Winter,,
2003-01-05,29.21,-80.98,Visual,1,Winter,,
2003-01-05,30.17,-81.13,Visual,1,Winter,,
2003-01-04,30.62,-81.28,Visual,1,Winter,,
2003-01-04,31.48,-80.97,Visual,1,Winter,,
2003-01-04,31.03,-81.01,Visual,1,Winter,,
2002-12-31,31.88,-80.71,Visual,1,Winter,,
2002-12-31,30.58,-81.23,Visual,1,Winter,,
2002-12-31,30.84,-81.01,Visual,1,Winter,,
2002-12-31,30.04,-81.33,Visual,1,Winter,,
2002-12-30,30.28,-81.34,Visual,1,Winter,,
2002-12-30,30.64,-81.22,Visual,1,Winter,,
2002-12-30,30.79,-81.3,Visual,1,Winter,,
2002-12-30,30.88,-81.15,Visual,1,Winter,,
2002-12-30,31.03,-80.76,Visual,1,Winter,,
2002-12-30,31.46,-81.02,Visual,1,Winter,,
2002-12-29,30.63,-81.15,Visual,1,Winter,,
2002-12-29,30.86,-81.37,Visual,1,Winter,,
2002-12-29,30.97,-81.23,Visual,1,Winter,,
2002-12-29,31.34,-80.84,Visual,1,Winter,,
2002-12-28,31.36,-80.98,Visual,1,Winter,,
2002-12-27,30.79,-81.24,Visual,1,Winter,,
2002-12-27,30.87,-81.18,Visual,1,Winter,,
2002-12-27,30.93,-81.25,Visual,1,Winter,,
2002-12-27,31.05,-81.27,Visual,1,Winter,,
2002-12-27,31.3,-81.05,Visual,1,Winter,,
2002-12-26,30.52,-81.15,Visual,1,Winter,,
2002-12-26,31.0,-81.27,Visual,1,Winter,,
2002-12-26,31.08,-81.0,Visual,1,Winter,,
2002-12-23,30.83,-81.07,Visual,1,Winter,,
2002-12-23,30.72,-81.29,Visual,1,Winter,,
2002-12-23,31.38,-81.2,Visual,1,Winter,,
2002-12-23,31.44,-81.09,Visual,1,Winter,,
2002-12-23,31.52,-81.13,Visual,1,Winter,,
2002-12-23,31.51,-81.14,Visual,1,Winter,,
2002-12-23,31.6,-81.04,Visual,1,Winter,,
2002-12-23,30.17,-81.04,Visual,1,Winter,,
2002-12-22,30.71,-81.27,Visual,1,Winter,,
2002-12-22,31.41,-81.2,Visual,1,Winter,,
2002-12-22,30.05,-81.31,Visual,1,Winter,,
2002-12-21,30.48,-81.03,Visual,1,Winter,,
2002-12-21,30.59,-81.27,Visual,1,Winter,,
2002-12-21,30.65,-81.18,Visual,1,Winter,,
2002-12-21,31.18,-81.08,Visual,1,Winter,,
2002-12-19,30.13,-81.25,Visual,1,Winter,,
2002-12-19,30.19,-81.3,Visual,1,Winter,,
2002-12-17,30.81,-81.4,Visual,1,Winter,,
2002-12-17,31.59,-81.05,Visual,1,Winter,,
2002-12-17,31.64,-81.03,Visual,1,Winter,,
2002-12-17,30.22,-81.33,Visual,1,Winter,,
2002-12-16,30.99,-81.21,Visual,1,Winter,,
2002-12-15,30.94,-81.16,Visual,1,Winter,,
2002-12-12,32.09,-80.61,Visual,1,Winter,,
2002-12-12,31.06,-81.08,Visual,1,Winter,,
2002-12-12,30.25,-81.19,Visual,1,Winter,,
2002-12-11,31.63,-80.94,Visual,1,Winter,,
2002-12-09,30.93,-81.1,Visual,1,Winter,,
2002-12-02,31.34,-81.03,Visual,1,Winter,,
2002-11-29,31.86,-80.63,Visual,1,Fall,,
2002-11-26,31.79,-80.88,Visual,1,Fall,,
2012-08-26,44.62,-66.47,Visual,1,Summer,,
2012-08-26,44.62,-66.46,Visual,1,Summer,,
2012-08-26,44.67,-66.43,Visual,1,Summer,,
2012-08-26,44.68,-66.42,Visual,1,Summer,,
2012-08-26,44.71,-66.42,Visual,1,Summer,,
2012-08-25,44.62,-66.91,Visual,1,Summer,,
2012-08-24,44.74,-66.4,Visual,1,Summer,,
2012-08-24,44.71,-66.39,Visual,1,Summer,,
2012-08-24,44.69,-66.42,Visual,1,Summer,,
2012-08-24,44.68,-66.42,Visual,1,Summer,,
2012-08-24,44.63,-66.43,Visual,1,Summer,,
2012-08-22,42.9,-70.22,Visual,1,Summer,,
2012-08-21,44.57,-66.49,Visual,1,Summer,,
2012-08-21,44.58,-66.5,Visual,1,Summer,,
2012-08-21,44.69,-66.39,Visual,1,Summer,,
2012-08-21,44.58,-66.47,Visual,1,Summer,,
2012-08-21,44.61,-66.46,Visual,1,Summer,,
2012-08-20,44.66,-66.4,Visual,1,Summer,,
2012-08-20,44.67,-66.42,Visual,1,Summer,,
2012-08-20,44.65,-66.41,Visual,1,Summer,,
2012-08-20,44.63,-66.43,Visual,1,Summer,,
2012-08-20,44.62,-66.44,Visual,1,Summer,,
2012-08-20,44.61,-66.44,Visual,1,Summer,,
2012-08-19,43.6,-69.61,Visual,1,Summer,,
2012-08-19,44.72,-66.48,Visual,1,Summer,,
2012-08-19,44.62,-66.35,Visual,1,Summer,,
2012-08-19,44.53,-66.44,Visual,1,Summer,,
2012-08-19,44.38,-66.71,Visual,1,Summer,,
2012-08-19,44.41,-66.79,Visual,1,Summer,,
2012-08-17,43.16,-69.62,Visual,1,Summer,,
2012-08-16,42.02,-70.13,Visual,1,Summer,,
2012-08-16,42.04,-70.18,Visual,1,Summer,,
2012-08-16,38.96,-74.78,Visual,1,Summer,,
2012-08-14,43.85,-68.88,Visual,1,Summer,,
2012-08-14,44.04,-67.97,Visual,1,Summer,,
2012-08-04,44.53,-66.4,Visual,1,Summer,,
2012-08-08,42.15,-69.87,Visual,1,Summer,,
2012-07-26,42.86,-69.06,Visual,1,Summer,,
2012-07-26,42.86,-69.11,Visual,1,Summer,,
2012-07-26,42.87,-69.1,Visual,1,Summer,,
2012-07-26,42.81,-69.07,Visual,1,Summer,,
2012-07-26,42.83,-69.08,Visual,1,Summer,,
2012-07-26,42.89,-69.41,Visual,1,Summer,,
2012-07-22,42.25,-66.33,Visual,1,Summer,,
2012-07-22,42.18,-66.2,Visual,1,Summer,,
2012-07-22,42.19,-66.16,Visual,1,Summer,,
2012-07-22,42.18,-66.09,Visual,1,Summer,,
2012-07-22,42.25,-66.31,Visual,1,Summer,,
2012-07-22,42.25,-66.32,Visual,1,Summer,,
2012-07-22,42.16,-66.41,Visual,1,Summer,,
2012-07-22,42.2,-66.79,Visual,1,Summer,,
2012-07-20,42.3,-69.02,Visual,1,Summer,,
2012-07-16,42.67,-69.72,Visual,1,Summer,,
2012-07-14,42.71,-70.17,Visual,1,Summer,,
2012-07-12,42.59,-68.88,Visual,1,Summer,,
2012-07-12,42.98,-69.08,Visual,1,Summer,,
2012-07-12,42.99,-69.13,Visual,1,Summer,,
2012-07-12,40.8,-72.48,Visual,1,Summer,,
2012-07-10,42.67,-70.07,Visual,1,Summer,,
2012-07-10,42.28,-69.96,Visual,1,Summer,,
2012-07-10,42.26,-69.97,Visual,1,Summer,,
2012-06-28,40.52,-73.73,Visual,1,Summer,,
2012-06-26,42.59,-65.66,Visual,1,Summer,,
2012-06-25,42.27,-66.3,Visual,1,Summer,,
2012-06-25,42.22,-66.27,Visual,1,Summer,,
2012-06-25,42.18,-66.13,Visual,1,Summer,,
2012-06-25,42.26,-66.17,Visual,1,Summer,,
2012-06-25,42.34,-66.17,Visual,1,Summer,,
2012-06-25,42.34,-66.45,Visual,1,Summer,,
2012-06-24,42.35,-66.56,Visual,1,Summer,,
2012-06-21,42.4,-66.47,Visual,1,Summer,,
2012-06-21,42.29,-66.41,Visual,1,Summer,,
2012-06-21,42.29,-66.16,Visual,1,Summer,,
2012-06-21,42.33,-66.14,Visual,1,Summer,,
2012-06-21,42.4,-66.7,Visual,1,Summer,,
2012-06-21,42.3,-67.01,Visual,1,Summer,,
2012-06-18,42.15,-70.15,Visual,1,Summer,,
2012-06-18,42.17,-70.22,Visual,1,Summer,,
2012-06-17,42.92,-70.5,Visual,1,Summer,,
2012-06-12,41.41,-68.89,Visual,1,Summer,,
2012-06-11,42.36,-66.52,Visual,1,Summer,,
2012-06-11,42.4,-66.23,Visual,1,Summer,,
2012-06-11,42.36,-66.48,Visual,1,Summer,,
2012-06-11,42.27,-66.42,Visual,1,Summer,,
2012-06-11,42.36,-66.17,Visual,1,Summer,,
2012-06-11,42.25,-66.15,Visual,1,Summer,,
2012-06-11,42.35,-66.32,Visual,1,Summer,,
2012-06-11,42.23,-66.42,Visual,1,Summer,,
2012-06-10,42.06,-67.75,Visual,1,Summer,,
2012-06-10,42.11,-67.26,Visual,1,Summer,,
2012-06-10,42.07,-69.48,Visual,1,Summer,,
2012-05-20,42.17,-66.2,Visual,1,Spring,,
2012-05-20,42.18,-66.2,Visual,1,Spring,,
2012-05-20,42.19,-66.21,Visual,1,Spring,,
2012-05-20,42.2,-66.21,Visual,1,Spring,,
2012-05-20,42.21,-66.22,Visual,1,Spring,,
2012-05-20,42.22,-66.25,Visual,1,Spring,,
2012-05-20,42.22,-66.26,Visual,1,Spring,,
2012-05-20,42.21,-66.27,Visual,1,Spring,,
2012-05-20,42.22,-66.31,Visual,1,Spring,,
2012-05-20,42.23,-66.32,Visual,1,Spring,,
2012-05-20,42.25,-66.26,Visual,1,Spring,,
2012-05-20,42.24,-66.21,Visual,1,Spring,,
2012-05-20,42.22,-66.39,Visual,1,Spring,,
2012-05-20,42.22,-66.54,Visual,1,Spring,,
2012-05-19,42.24,-67.57,Visual,1,Spring,,
2012-05-19,42.23,-67.58,Visual,1,Spring,,
2012-05-19,42.2,-67.58,Visual,1,Spring,,
2012-05-19,42.16,-67.74,Visual,1,Spring,,
2012-05-19,42.05,-69.24,Visual,1,Spring,,
2012-05-18,40.9,-72.25,Visual,1,Spring,,
2012-05-18,42.14,-67.88,Visual,1,Spring,,
2012-05-18,42.12,-67.88,Visual,1,Spring,,
2012-05-18,42.13,-67.94,Visual,1,Spring,,
2012-05-18,42.13,-67.96,Visual,1,Spring,,
2012-05-17,41.89,-68.98,Visual,1,Spring,,
2012-05-15,42.07,-67.98,Visual,1,Spring,,
2012-05-15,42.11,-67.86,Visual,1,Spring,,
2012-05-15,42.18,-67.74,Visual,1,Spring,,
2012-05-15,42.21,-67.64,Visual,1,Spring,,
2012-05-15,42.23,-67.58,Visual,1,Spring,,
2012-05-15,42.24,-67.57,Visual,1,Spring,,
2012-05-15,42.26,-67.48,Visual,1,Spring,,
2012-05-13,42.17,-66.6,Visual,1,Spring,,
2012-05-13,42.38,-66.07,Visual,1,Spring,,
2012-05-13,42.13,-66.12,Visual,1,Spring,,
2012-05-13,42.22,-66.37,Visual,1,Spring,,
2012-05-12,42.27,-67.43,Visual,1,Spring,,
2012-05-12,42.1,-68.83,Visual,1,Spring,,
2012-05-12,42.09,-68.07,Visual,1,Spring,,
2012-05-12,42.09,-68.23,Visual,1,Spring,,
2012-05-12,41.95,-68.25,Visual,1,Spring,,
2012-05-12,37.12,-74.54,Visual,1,Spring,,
2012-05-07,41.33,-69.07,Visual,1,Spring,,
2012-05-05,41.68,-68.56,Visual,1,Spring,,
2012-05-05,41.83,-68.55,Visual,1,Spring,,
2012-05-05,41.83,-68.37,Visual,1,Spring,,
2012-05-04,41.84,-68.35,Visual,1,Spring,,
2012-05-03,41.85,-68.41,Visual,1,Spring,,
2012-05-03,41.84,-68.37,Visual,1,Spring,,
2012-05-03,41.31,-69.0,Visual,1,Spring,,
2012-05-03,41.3,-68.87,Visual,1,Spring,,
2012-05-01,40.33,-73.92,Visual,1,Spring,,
2012-04-29,42.42,-70.4,Visual,1,Spring,,
2012-04-29,42.35,-70.19,Visual,1,Spring,,
2012-04-29,42.08,-67.74,Visual,1,Spring,,
2012-04-26,41.85,-69.4,Visual,1,Spring,,
2012-04-26,42.22,-69.17,Visual,1,Spring,,
2012-04-25,41.3,-69.06,Visual,1,Spring,,
2012-04-25,41.29,-69.02,Visual,1,Spring,,
2012-04-25,41.28,-69.01,Visual,1,Spring,,
2012-04-25,41.27,-69.02,Visual,1,Spring,,
2012-04-25,41.26,-69.02,Visual,1,Spring,,
2012-04-25,41.26,-68.99,Visual,1,Spring,,
2012-04-25,41.27,-69.0,Visual,1,Spring,,
2012-04-25,41.28,-68.98,Visual,1,Spring,,
2012-04-25,41.39,-69.01,Visual,1,Spring,,
2012-04-25,41.42,-69.21,Visual,1,Spring,,
2012-04-25,41.71,-68.89,Visual,1,Spring,,
2012-04-21,42.05,-70.24,Visual,1,Spring,,
2012-04-19,41.85,-70.49,Visual,1,Spring,,
2012-04-19,41.86,-70.36,Visual,1,Spring,,
2012-04-19,41.41,-70.8,Visual,1,Spring,,
2012-04-19,42.2,-70.42,Visual,1,Spring,,
2012-04-19,42.06,-70.25,Visual,1,Spring,,
2012-04-19,42.85,-70.49,Visual,1,Spring,,
2012-04-19,42.07,-70.61,Visual,1,Spring,,
2012-04-19,42.08,-70.54,Visual,1,Spring,,
2012-04-17,42.4,-70.33,Visual,1,Spring,,
2012-04-17,42.33,-70.59,Visual,1,Spring,,
2012-04-17,42.08,-70.55,Visual,1,Spring,,
2012-04-17,42.03,-70.18,Visual,1,Spring,,
2012-04-17,41.95,-70.1,Visual,1,Spring,,
2012-04-17,41.95,-70.57,Visual,1,Spring,,
2012-04-17,41.93,-70.55,Visual,1,Spring,,
2012-04-17,41.88,-70.2,Visual,1,Spring,,
2012-04-17,41.92,-70.12,Visual,1,Spring,,
2012-04-17,41.88,-70.28,Visual,1,Spring,,
2012-04-17,41.87,-70.27,Visual,1,Spring,,
2012-04-17,41.85,-70.43,Visual,1,Spring,,
2012-04-17,41.78,-70.3,Visual,1,Spring,,
2012-04-17,41.82,-70.45,Visual,1,Spring,,
2012-04-17,42.04,-70.17,Visual,1,Spring,,
2012-04-17,42.48,-70.62,Visual,1,Spring,,
2012-04-16,42.32,-70.81,Visual,1,Spring,,
2012-04-14,41.82,-70.49,Visual,1,Spring,,
2012-04-15,42.28,-70.86,Visual,1,Spring,,
2012-04-14,38.87,-73.29,Visual,1,Spring,,
2012-04-04,39.45,-72.67,Visual,1,Spring,,
2012-04-13,41.82,-70.46,Visual,1,Spring,,
2012-04-13,41.8,-70.42,Visual,1,Spring,,
2012-04-13,41.85,-70.36,Visual,1,Spring,,
2012-04-13,41.83,-70.46,Visual,1,Spring,,
2012-04-13,41.81,-70.45,Visual,1,Spring,,
2012-04-13,42.02,-70.56,Visual,1,Spring,,
2012-04-13,42.24,-70.72,Visual,1,Spring,,
2012-04-11,42.4,-70.77,Visual,1,Spring,,
2012-04-09,41.92,-70.45,Visual,1,Spring,,
2012-04-09,42.42,-70.46,Visual,1,Spring,,
2012-04-07,42.45,-70.44,Visual,1,Spring,,
2012-04-07,42.36,-70.49,Visual,1,Spring,,
2012-04-07,42.39,-70.42,Visual,1,Spring,,
2012-04-07,42.39,-70.44,Visual,1,Spring,,
2012-04-08,42.36,-70.38,Visual,1,Spring,,
2012-04-08,42.34,-70.34,Visual,1,Spring,,
2012-04-08,42.35,-70.34,Visual,1,Spring,,
2012-04-08,42.39,-70.41,Visual,1,Spring,,
2012-04-07,42.37,-70.88,Visual,1,Spring,,
2012-04-06,41.87,-70.46,Visual,1,Spring,,
2012-04-05,42.16,-70.32,Visual,1,Spring,,
2012-04-06,41.91,-70.4,Visual,1,Spring,,
2012-04-06,41.03,-70.81,Visual,1,Spring,,
2012-04-06,40.54,-71.12,Visual,1,Spring,,
2012-04-06,42.04,-70.44,Visual,1,Spring,,
2012-04-06,41.28,-69.25,Visual,1,Spring,,
2012-04-04,41.38,-69.18,Visual,1,Spring,,
2012-04-04,42.08,-70.25,Visual,1,Spring,,
2012-04-04,41.74,-69.81,Visual,1,Spring,,
2012-04-04,41.88,-69.85,Visual,1,Spring,,
2012-04-04,41.9,-69.79,Visual,1,Spring,,
2012-04-04,42.1,-70.13,Visual,1,Spring,,
2012-04-04,42.11,-70.17,Visual,1,Spring,,
2012-04-04,42.11,-70.2,Visual,1,Spring,,
2012-04-04,42.1,-70.24,Visual,1,Spring,,
2012-03-31,42.39,-70.4,Visual,1,Spring,,
2012-04-01,42.07,-70.25,Visual,1,Spring,,
2012-04-01,42.04,-70.22,Visual,1,Spring,,
2012-03-31,42.03,-70.22,Visual,1,Spring,,
2012-03-31,42.08,-70.09,Visual,1,Spring,,
2012-03-31,42.09,-70.13,Visual,1,Spring,,
2012-03-31,42.09,-70.17,Visual,1,Spring,,
2012-03-31,42.09,-70.19,Visual,1,Spring,,
2012-04-01,42.02,-70.2,Visual,1,Spring,,
2012-04-01,42.15,-70.34,Visual,1,Spring,,
2012-04-01,42.14,-70.26,Visual,1,Spring,,
2012-04-01,42.16,-70.22,Visual,1,Spring,,
2012-04-01,42.16,-70.21,Visual,1,Spring,,
2012-04-01,41.87,-70.17,Visual,1,Spring,,
2012-04-01,41.91,-70.4,Visual,1,Spring,,
2012-04-01,42.01,-70.2,Visual,1,Spring,,
2012-04-01,42.09,-70.21,Visual,1,Spring,,
2012-04-01,42.09,-70.2,Visual,1,Spring,,
2012-04-01,41.07,-70.65,Visual,1,Spring,,
2012-04-01,41.1,-70.97,Visual,1,Spring,,
2012-03-31,42.83,-70.33,Visual,1,Spring,,
2012-03-31,40.54,-71.14,Visual,1,Spring,,
2012-03-30,36.94,-76.19,Visual,1,Spring,,
2012-03-28,42.08,-70.24,Visual,1,Spring,,
2012-03-28,42.11,-70.16,Visual,1,Spring,,
2012-03-28,42.09,-70.2,Visual,1,Spring,,
2012-03-28,42.09,-70.19,Visual,1,Spring,,
2012-03-28,42.09,-70.18,Visual,1,Spring,,
2012-03-28,42.09,-70.15,Visual,1,Spring,,
2012-03-24,41.03,-70.89,Visual,1,Spring,,
2012-03-24,41.46,-70.68,Visual,1,Spring,,
2012-03-24,41.93,-69.73,Visual,1,Spring,,
2012-03-24,40.77,-70.22,Visual,1,Spring,,
2012-03-24,41.17,-70.22,Visual,1,Spring,,
2012-03-24,41.99,-69.77,Visual,1,Spring,,
2012-03-23,41.79,-69.89,Visual,1,Spring,,
2012-03-23,41.78,-69.9,Visual,1,Spring,,
2012-03-23,42.04,-69.99,Visual,1,Spring,,
2012-03-23,42.06,-70.03,Visual,1,Spring,,
2012-03-23,42.08,-70.04,Visual,1,Spring,,
2012-03-23,42.07,-70.03,Visual,1,Spring,,
2012-03-23,42.1,-70.23,Visual,1,Spring,,
2012-03-23,42.1,-70.2,Visual,1,Spring,,
2012-03-23,42.09,-70.22,Visual,1,Spring,,
2012-03-23,42.1,-70.25,Visual,1,Spring,,
2012-03-23,42.07,-70.39,Visual,1,Spring,,
2012-03-23,42.08,-70.27,Visual,1,Spring,,
2012-03-23,42.04,-70.34,Visual,1,Spring,,
2012-03-23,42.06,-70.29,Visual,1,Spring,,
2012-03-23,42.06,-70.27,Visual,1,Spring,,
2012-03-23,42.07,-70.26,Visual,1,Spring,,
2012-03-23,42.08,-70.26,Visual,1,Spring,,
2012-03-23,42.06,-70.26,Visual,1,Spring,,
2012-03-23,42.06,-70.25,Visual,1,Spring,,
2012-03-23,42.05,-70.24,Visual,1,Spring,,
2012-03-23,42.04,-70.24,Visual,1,Spring,,
2012-03-24,41.04,-71.29,Visual,1,Spring,,
2012-03-23,41.03,-70.14,Visual,1,Spring,,
2012-03-23,40.88,-70.45,Visual,1,Spring,,
2012-03-23,41.18,-70.58,Visual,1,Spring,,
2012-03-23,40.62,-71.05,Visual,1,Spring,,
2012-03-23,41.1,-71.01,Visual,1,Spring,,
2012-03-23,41.11,-71.05,Visual,1,Spring,,
2012-03-20,42.3,-70.36,Visual,1,Spring,,
2012-03-21,42.49,-70.18,Visual,1,Spring,,
2012-03-19,42.01,-69.85,Visual,1,Spring,,
2012-03-19,42.16,-70.1,Visual,1,Spring,,
2012-03-19,42.17,-70.32,Visual,1,Spring,,
2012-03-20,42.27,-70.38,Visual,1,Spring,,
2012-03-20,42.5,-70.63,Visual,1,Spring,,
2012-03-20,42.18,-70.2,Visual,1,Spring,,
2012-03-20,42.15,-70.33,Visual,1,Spring,,
2012-03-20,42.13,-70.29,Visual,1,Spring,,
2012-03-20,42.01,-70.19,Visual,1,Spring,,
2012-03-20,42.05,-70.24,Visual,1,Spring,,
2012-03-20,42.05,-70.23,Visual,1,Spring,,
2012-03-20,42.04,-70.23,Visual,1,Spring,,
2012-03-20,42.04,-70.24,Visual,1,Spring,,
2012-03-20,42.06,-70.31,Visual,1,Spring,,
2012-03-20,42.06,-70.25,Visual,1,Spring,,
2012-03-20,42.07,-70.25,Visual,1,Spring,,
2012-03-20,42.1,-70.22,Visual,1,Spring,,
2012-03-20,42.11,-70.22,Visual,1,Spring,,
2012-03-20,42.1,-70.24,Visual,1,Spring,,
2012-03-20,42.1,-70.19,Visual,1,Spring,,
2012-03-20,42.08,-70.2,Visual,1,Spring,,
2012-03-20,42.09,-70.19,Visual,1,Spring,,
2012-03-20,42.46,-70.59,Visual,1,Spring,,
2012-03-20,42.45,-70.76,Visual,1,Spring,,
2012-03-19,42.04,-70.23,Visual,1,Spring,,
2012-03-19,42.06,-70.25,Visual,1,Spring,,
2012-03-19,42.03,-70.21,Visual,1,Spring,,
2012-03-19,42.02,-70.19,Visual,1,Spring,,
2012-03-18,42.0,-69.75,Visual,1,Spring,,
2012-03-18,42.4,-70.52,Visual,1,Spring,,
2012-03-18,42.47,-70.63,Visual,1,Spring,,
2012-03-17,41.97,-70.23,Visual,1,Spring,,
2012-03-17,41.98,-70.22,Visual,1,Spring,,
2012-03-17,42.03,-70.22,Visual,1,Spring,,
2012-03-17,42.04,-70.24,Visual,1,Spring,,
2012-03-17,42.05,-70.24,Visual,1,Spring,,
2012-03-17,42.06,-70.25,Visual,1,Spring,,
2012-03-17,42.09,-70.1,Visual,1,Spring,,
2012-03-17,42.01,-69.94,Visual,1,Spring,,
2012-03-17,42.57,-70.69,Visual,1,Spring,,
2012-03-17,42.56,-70.72,Visual,1,Spring,,
2012-03-16,42.06,-70.25,Visual,1,Spring,,
2012-03-16,42.06,-70.24,Visual,1,Spring,,
2012-03-16,42.04,-70.23,Visual,1,Spring,,
2012-03-16,36.9,-75.93,Visual,1,Spring,,
2012-03-16,36.91,-75.93,Visual,1,Spring,,
2012-03-12,42.08,-70.24,Visual,1,Spring,,
2012-03-09,42.02,-70.19,Visual,1,Spring,,
2012-03-07,41.78,-70.48,Visual,1,Spring,,
2012-03-04,41.83,-70.39,Visual,1,Spring,,
2012-03-04,41.89,-70.19,Visual,1,Spring,,
2012-03-04,41.94,-70.14,Visual,1,Spring,,
2012-03-04,41.99,-70.18,Visual,1,Spring,,
2012-03-04,42.03,-70.22,Visual,1,Spring,,
2012-03-04,42.03,-70.32,Visual,1,Spring,,
2012-03-04,42.07,-70.25,Visual,1,Spring,,
2012-03-04,42.09,-70.17,Visual,1,Spring,,
2012-03-02,42.71,-69.28,Visual,1,Spring,,
2012-02-29,42.02,-70.2,Visual,1,Winter,,
2012-02-29,42.1,-70.15,Visual,1,Winter,,
2012-02-29,42.09,-70.21,Visual,1,Winter,,
2012-02-29,42.07,-70.25,Visual,1,Winter,,
2012-02-29,42.02,-70.21,Visual,1,Winter,,
2012-02-29,41.93,-70.45,Visual,1,Winter,,
2012-02-29,41.95,-70.17,Visual,1,Winter,,
2012-02-29,41.91,-70.2,Visual,1,Winter,,
2012-02-29,41.89,-70.3,Visual,1,Winter,,
2012-02-29,41.86,-70.21,Visual,1,Winter,,
2012-02-29,41.83,-70.39,Visual,1,Winter,,
2012-02-29,41.83,-70.2,Visual,1,Winter,,
2012-02-29,41.78,-70.33,Visual,1,Winter,,
2012-02-29,41.76,-70.26,Visual,1,Winter,,
2012-02-29,41.75,-70.34,Visual,1,Winter,,
2012-02-29,41.74,-70.38,Visual,1,Winter,,
2012-02-27,41.89,-70.41,Visual,1,Winter,,
2012-02-27,41.95,-70.48,Visual,1,Winter,,
2012-02-27,42.02,-70.52,Visual,1,Winter,,
2012-02-27,42.04,-70.22,Visual,1,Winter,,
2012-02-27,42.08,-70.52,Visual,1,Winter,,
2012-02-27,42.12,-70.24,Visual,1,Winter,,
2012-02-24,41.76,-70.45,Visual,1,Winter,,
2012-02-21,41.28,-70.8,Visual,1,Winter,,
2008-04-08,41.87,-70.53,Visual,1,Spring,,
2012-02-21,42.04,-70.25,Visual,1,Winter,,
2012-02-21,42.05,-70.22,Visual,1,Winter,,
2012-02-19,40.78,-70.03,Visual,1,Winter,,
2012-02-19,41.33,-71.15,Visual,1,Winter,,
2012-02-16,42.08,-70.09,Visual,1,Winter,,
2012-02-16,42.07,-70.09,Visual,1,Winter,,
2012-02-16,42.06,-70.25,Visual,1,Winter,,
2012-02-16,41.58,-69.69,Visual,1,Winter,,
2012-02-16,41.57,-69.68,Visual,1,Winter,,
2012-02-16,41.6,-69.58,Visual,1,Winter,,
2012-02-16,41.6,-69.63,Visual,1,Winter,,
2012-02-16,41.64,-69.9,Visual,1,Winter,,
2012-02-16,41.65,-69.91,Visual,1,Winter,,
2012-02-16,41.77,-69.86,Visual,1,Winter,,
2012-02-16,41.94,-69.89,Visual,1,Winter,,
2012-02-15,42.16,-70.3,Visual,1,Winter,,
2012-02-15,41.8,-70.27,Visual,1,Winter,,
2012-02-15,41.78,-70.26,Visual,1,Winter,,
2012-02-15,41.81,-70.31,Visual,1,Winter,,
2012-02-15,41.81,-70.29,Visual,1,Winter,,
2012-02-15,41.81,-70.17,Visual,1,Winter,,
2012-02-15,41.86,-70.36,Visual,1,Winter,,
2012-02-15,41.85,-70.14,Visual,1,Winter,,
2012-02-15,41.91,-70.3,Visual,1,Winter,,
2012-02-15,41.95,-70.22,Visual,1,Winter,,
2012-02-15,42.0,-70.26,Visual,1,Winter,,
2012-02-15,42.07,-70.25,Visual,1,Winter,,
2012-02-15,42.06,-70.27,Visual,1,Winter,,
2012-02-15,42.05,-70.25,Visual,1,Winter,,
2012-02-15,42.06,-70.25,Visual,1,Winter,,
2012-02-15,42.09,-70.52,Visual,1,Winter,,
2012-02-15,42.07,-70.08,Visual,1,Winter,,
2012-02-15,41.98,-69.97,Visual,1,Winter,,
2012-02-15,41.98,-69.99,Visual,1,Winter,,
2012-02-15,41.99,-69.98,Visual,1,Winter,,
2012-02-09,42.61,-70.66,Visual,1,Winter,,
2012-02-09,41.83,-70.28,Visual,1,Winter,,
2012-02-09,41.83,-70.34,Visual,1,Winter,,
2012-02-09,41.79,-70.34,Visual,1,Winter,,
2012-02-09,41.78,-70.15,Visual,1,Winter,,
2012-02-09,41.75,-70.37,Visual,1,Winter,,
2012-02-01,36.67,-75.78,Visual,1,Winter,,
2012-02-02,41.88,-70.27,Visual,1,Winter,,
2012-02-02,41.86,-70.14,Visual,1,Winter,,
2012-02-02,41.83,-70.2,Visual,1,Winter,,
2012-02-02,41.81,-70.25,Visual,1,Winter,,
2012-02-02,41.82,-70.26,Visual,1,Winter,,
2012-02-02,41.79,-70.3,Visual,1,Winter,,
2012-01-31,42.07,-70.08,Visual,1,Winter,,
2012-02-05,41.93,-70.47,Visual,1,Winter,,
2012-02-05,41.77,-70.24,Visual,1,Winter,,
2012-02-05,41.77,-70.35,Visual,1,Winter,,
2012-02-05,41.75,-70.33,Visual,1,Winter,,
2012-02-05,41.81,-70.33,Visual,1,Winter,,
2012-02-05,41.82,-70.21,Visual,1,Winter,,
2012-02-05,41.82,-70.2,Visual,1,Winter,,
2012-02-05,41.87,-70.34,Visual,1,Winter,,
2012-02-05,41.87,-70.15,Visual,1,Winter,,
2012-02-05,41.9,-70.32,Visual,1,Winter,,
2012-02-05,41.88,-70.39,Visual,1,Winter,,
2012-02-05,41.91,-70.24,Visual,1,Winter,,
2012-02-05,41.89,-70.12,Visual,1,Winter,,
2012-01-26,41.79,-70.15,Visual,1,Winter,,
2012-01-26,41.85,-70.28,Visual,1,Winter,,
2012-01-26,41.9,-70.15,Visual,1,Winter,,
2012-01-26,41.88,-70.2,Visual,1,Winter,,
2012-01-26,41.84,-70.15,Visual,1,Winter,,
2012-01-26,41.88,-70.24,Visual,1,Winter,,
2012-01-26,42.01,-69.94,Visual,1,Winter,,
2012-01-26,41.12,-70.13,Visual,1,Winter,,
2012-01-23,41.86,-70.29,Visual,1,Winter,,
2012-01-23,41.76,-70.33,Visual,1,Winter,,
2012-01-19,42.79,-70.32,Visual,1,Winter,,
2012-01-19,42.78,-70.31,Visual,1,Winter,,
2012-01-16,41.8,-70.13,Visual,1,Winter,,
2012-01-16,41.88,-70.32,Visual,1,Winter,,
2012-01-16,42.05,-70.24,Visual,1,Winter,,
2012-01-11,41.97,-70.14,Visual,1,Winter,,
2012-01-11,41.96,-70.22,Visual,1,Winter,,
2012-01-11,41.98,-70.23,Visual,1,Winter,,
2012-01-11,41.89,-70.23,Visual,1,Winter,,
2012-01-11,41.93,-70.23,Visual,1,Winter,,
2012-01-09,41.25,-70.65,Visual,1,Winter,,
2012-01-09,43.35,-68.53,Visual,1,Winter,,
2012-01-09,43.43,-68.32,Visual,1,Winter,,
2012-01-07,41.83,-70.21,Visual,1,Winter,,
2012-01-07,41.83,-70.24,Visual,1,Winter,,
2012-01-07,41.81,-70.27,Visual,1,Winter,,
2012-01-07,41.84,-70.29,Visual,1,Winter,,
2012-01-06,42.7,-68.81,Visual,1,Winter,,
2012-01-06,43.0,-68.96,Visual,1,Winter,,
2012-01-06,42.96,-68.96,Visual,1,Winter,,
2012-01-06,42.9,-68.99,Visual,1,Winter,,
2012-01-06,42.85,-69.02,Visual,1,Winter,,
2012-01-06,42.59,-69.16,Visual,1,Winter,,
2012-01-06,42.7,-69.19,Visual,1,Winter,,
2012-01-06,42.95,-69.25,Visual,1,Winter,,
2012-01-04,43.03,-70.18,Visual,1,Winter,,
2012-01-04,43.02,-70.06,Visual,1,Winter,,
2012-01-04,42.84,-70.25,Visual,1,Winter,,
2012-01-04,42.82,-70.26,Visual,1,Winter,,
2012-01-02,41.78,-70.55,Visual,1,Winter,,
2011-12-30,41.95,-70.62,Visual,1,Winter,,
2011-12-30,43.14,-68.65,Visual,1,Winter,,
2011-12-30,43.42,-68.02,Visual,1,Winter,,
2011-12-30,41.84,-70.36,Visual,1,Winter,,
2011-12-23,39.1,-74.68,Visual,1,Winter,,
2011-12-20,38.93,-74.76,Visual,1,Winter,,
2011-12-20,37.0,-75.87,Visual,1,Winter,,
2011-12-17,42.91,-69.12,Visual,1,Winter,,
2011-12-17,43.02,-69.18,Visual,1,Winter,,
2011-12-15,42.06,-70.13,Visual,1,Winter,,
2011-12-13,43.33,-68.63,Visual,1,Winter,,
2011-12-03,41.79,-70.48,Visual,1,Winter,,
2011-12-04,42.87,-69.33,Visual,1,Winter,,
2011-12-04,42.82,-69.15,Visual,1,Winter,,
2011-12-04,42.91,-69.3,Visual,1,Winter,,
2011-12-04,42.9,-69.19,Visual,1,Winter,,
2011-12-01,42.94,-70.22,Visual,1,Winter,,
2011-12-01,42.96,-70.22,Visual,1,Winter,,
2011-11-30,41.85,-70.53,Visual,1,Fall,,
2011-11-22,42.92,-70.12,Visual,1,Fall,,
2011-11-22,42.95,-70.21,Visual,1,Fall,,
2011-11-22,42.9,-70.2,Visual,1,Fall,,
2011-11-22,42.91,-70.2,Visual,1,Fall,,
2011-11-22,42.91,-70.21,Visual,1,Fall,,
2011-11-22,42.92,-70.23,Visual,1,Fall,,
2011-11-22,42.93,-70.21,Visual,1,Fall,,
2011-11-22,42.92,-70.21,Visual,1,Fall,,
2011-11-22,42.92,-70.2,Visual,1,Fall,,
2011-11-22,42.89,-69.03,Visual,1,Fall,,
2011-11-22,42.95,-69.05,Visual,1,Fall,,
2011-11-22,42.98,-70.15,Visual,1,Fall,,
2011-11-22,42.95,-70.16,Visual,1,Fall,,
2011-11-22,43.09,-69.15,Visual,1,Fall,,
2011-11-22,42.49,-69.39,Visual,1,Fall,,
2011-11-25,43.07,-69.37,Visual,1,Fall,,
2011-11-26,43.11,-68.77,Visual,1,Fall,,
2011-11-26,43.15,-68.81,Visual,1,Fall,,
2011-11-26,43.13,-68.82,Visual,1,Fall,,
2011-11-26,43.14,-68.8,Visual,1,Fall,,
2011-11-26,43.17,-68.37,Visual,1,Fall,,
2011-11-26,43.54,-68.32,Visual,1,Fall,,
2011-11-26,43.55,-68.34,Visual,1,Fall,,
2011-11-26,43.55,-68.2,Visual,1,Fall,,
2011-11-26,43.59,-68.28,Visual,1,Fall,,
2011-11-26,42.99,-70.17,Visual,1,Fall,,
2011-11-26,43.02,-68.6,Visual,1,Fall,,
2011-11-26,42.95,-70.22,Visual,1,Fall,,
2011-11-26,43.09,-68.68,Visual,1,Fall,,
2011-11-28,41.78,-70.49,Visual,1,Fall,,
2011-11-16,42.41,-70.13,Visual,1,Fall,,
2011-11-16,42.84,-70.35,Visual,1,Fall,,
2011-11-16,42.58,-69.8,Visual,1,Fall,,
2011-11-16,42.92,-70.19,Visual,1,Fall,,
2011-11-16,42.93,-70.21,Visual,1,Fall,,
2011-11-16,43.01,-70.19,Visual,1,Fall,,
2011-11-16,42.94,-70.22,Visual,1,Fall,,
2011-11-09,44.69,-66.53,Visual,1,Fall,,
2011-11-09,44.84,-66.6,Visual,1,Fall,,
2011-11-09,44.85,-66.65,Visual,1,Fall,,
2011-11-09,43.56,-68.26,Visual,1,Fall,,
2011-11-09,43.47,-68.35,Visual,1,Fall,,
2011-11-09,43.37,-68.38,Visual,1,Fall,,
2011-11-09,42.9,-70.29,Visual,1,Fall,,
2011-11-09,42.99,-70.11,Visual,1,Fall,,
2011-11-09,42.98,-70.11,Visual,1,Fall,,
2011-11-09,42.72,-70.18,Visual,1,Fall,,
2011-11-08,42.62,-69.47,Visual,1,Fall,,
2011-11-08,43.12,-69.15,Visual,1,Fall,,
2011-11-08,43.08,-69.17,Visual,1,Fall,,
2011-11-08,43.02,-69.15,Visual,1,Fall,,
2011-11-08,43.16,-70.01,Visual,1,Fall,,
2011-11-08,43.16,-70.08,Visual,1,Fall,,
2011-11-08,43.16,-70.09,Visual,1,Fall,,
2011-11-08,42.96,-70.21,Visual,1,Fall,,
2011-11-08,42.91,-70.24,Visual,1,Fall,,
2011-11-06,42.94,-70.04,Visual,1,Fall,,
2011-11-01,42.97,-70.22,Visual,1,Fall,,
2011-11-01,43.02,-70.18,Visual,1,Fall,,
2011-11-01,43.04,-70.15,Visual,1,Fall,,
2011-11-01,43.14,-70.02,Visual,1,Fall,,
2011-10-26,43.85,-68.11,Visual,1,Fall,,
2011-10-23,41.04,-71.92,Visual,1,Fall,,
2011-10-24,43.77,-68.03,Visual,1,Fall,,
2011-10-24,42.91,-70.28,Visual,1,Fall,,
2011-10-24,42.84,-70.32,Visual,1,Fall,,
2011-10-22,42.88,-70.17,Visual,1,Fall,,
2011-10-23,43.13,-70.05,Visual,1,Fall,,
2011-10-23,43.02,-70.19,Visual,1,Fall,,
2011-10-23,42.98,-70.21,Visual,1,Fall,,
2011-10-23,42.96,-70.22,Visual,1,Fall,,
2011-10-18,44.0,-68.02,Visual,1,Fall,,
2011-10-12,43.02,-70.14,Visual,1,Fall,,
2011-10-10,42.99,-70.27,Visual,1,Fall,,
2011-10-10,42.99,-70.16,Visual,1,Fall,,
2011-10-10,43.02,-70.13,Visual,1,Fall,,
2011-10-09,42.76,-70.37,Visual,1,Fall,,
2011-09-27,44.79,-66.54,Visual,1,Fall,,
2011-09-27,44.94,-66.65,Visual,1,Fall,,
2011-09-27,44.89,-66.8,Visual,1,Fall,,
2011-09-26,44.9,-66.7,Visual,1,Fall,,
2011-09-26,44.59,-66.57,Visual,1,Fall,,
2011-09-26,44.49,-66.58,Visual,1,Fall,,
2011-09-26,44.93,-66.67,Visual,1,Fall,,
2011-09-21,44.73,-66.58,Visual,1,Fall,,
2011-10-06,42.97,-70.12,Visual,1,Fall,,
2011-10-03,42.1,-70.26,Visual,1,Fall,,
2011-09-28,42.97,-70.18,Visual,1,Fall,,
2011-09-24,42.95,-70.12,Visual,1,Fall,,
2011-09-21,42.87,-70.27,Visual,1,Fall,,
2011-09-21,42.87,-70.26,Visual,1,Fall,,
2011-09-21,42.93,-70.18,Visual,1,Fall,,
2011-09-21,42.94,-70.18,Visual,1,Fall,,
2011-09-21,43.0,-70.13,Visual,1,Fall,,
2011-09-21,42.98,-70.13,Visual,1,Fall,,
2011-09-21,42.99,-70.13,Visual,1,Fall,,
2011-09-21,42.99,-70.11,Visual,1,Fall,,
2011-09-21,42.99,-70.12,Visual,1,Fall,,
2011-09-21,42.99,-70.1,Visual,1,Fall,,
2011-09-21,42.99,-70.09,Visual,1,Fall,,
2011-09-17,42.88,-70.36,Visual,1,Fall,,
2011-09-19,44.73,-66.65,Visual,1,Fall,,
2011-09-19,44.7,-66.52,Visual,1,Fall,,
2011-09-19,44.8,-66.82,Visual,1,Fall,,
2011-09-18,44.66,-66.47,Visual,1,Fall,,
2011-09-18,44.61,-66.57,Visual,1,Fall,,
2011-09-18,44.73,-66.58,Visual,1,Fall,,
2011-09-11,44.71,-66.52,Visual,1,Fall,,
2011-09-18,42.18,-69.99,Visual,1,Fall,,
2011-09-17,42.17,-70.01,Visual,1,Fall,,
2011-09-15,42.19,-70.04,Visual,1,Fall,,
2011-09-15,42.19,-70.02,Visual,1,Fall,,
2011-09-11,42.82,-70.27,Visual,1,Fall,,
2011-09-12,42.98,-70.2,Visual,1,Fall,,
2011-09-10,43.08,-70.13,Visual,1,Fall,,
2011-09-10,42.94,-70.27,Visual,1,Fall,,
2011-09-09,44.63,-66.5,Visual,1,Fall,,
2011-09-07,44.68,-66.48,Visual,1,Fall,,
2011-09-02,44.55,-66.55,Visual,1,Fall,,
2011-09-01,44.6,-66.45,Visual,1,Fall,,
2011-09-01,44.68,-66.37,Visual,1,Fall,,
2011-09-01,44.8,-66.41,Visual,1,Fall,,
2011-08-31,44.64,-66.48,Visual,1,Summer,,
2011-08-31,44.5,-66.41,Visual,1,Summer,,
2011-08-31,44.89,-66.64,Visual,1,Summer,,
2011-08-30,44.61,-66.46,Visual,1,Summer,,
2011-08-30,44.66,-66.38,Visual,1,Summer,,
2011-09-09,42.38,-70.01,Visual,1,Fall,,
2011-08-31,43.98,-67.12,Visual,1,Summer,,
2011-09-03,42.63,-70.32,Visual,1,Fall,,
2011-09-03,42.62,-70.32,Visual,1,Fall,,
2011-09-03,42.68,-70.34,Visual,1,Fall,,
2011-09-02,43.24,-69.99,Visual,1,Fall,,
2011-09-02,42.63,-70.24,Visual,1,Fall,,
2011-09-02,42.6,-70.18,Visual,1,Fall,,
2011-08-31,42.75,-70.27,Visual,1,Summer,,
2011-08-17,44.43,-66.53,Visual,1,Summer,,
2011-08-27,44.63,-66.57,Visual,1,Summer,,
2011-08-24,44.62,-66.43,Visual,1,Summer,,
2011-08-24,44.6,-66.43,Visual,1,Summer,,
2011-08-23,44.53,-66.52,Visual,1,Summer,,
2011-08-26,42.96,-70.21,Visual,1,Summer,,
2011-08-23,42.8,-70.38,Visual,1,Summer,,
2011-08-23,44.62,-66.43,Visual,1,Summer,,
2011-08-13,44.62,-66.42,Visual,1,Summer,,
2011-08-21,42.86,-70.38,Visual,1,Summer,,
2011-08-14,42.98,-70.24,Visual,1,Summer,,
2011-08-12,43.01,-70.26,Visual,1,Summer,,
2011-08-09,42.24,-70.07,Visual,1,Summer,,
2011-08-09,44.82,-66.6,Visual,1,Summer,,
2011-08-09,44.67,-66.43,Visual,1,Summer,,
2011-08-09,42.21,-70.02,Visual,1,Summer,,
2011-08-06,42.94,-70.45,Visual,1,Summer,,
2011-08-05,42.98,-70.39,Visual,1,Summer,,
2011-08-04,42.98,-70.42,Visual,1,Summer,,
2011-08-03,43.03,-70.33,Visual,1,Summer,,
2011-08-03,42.17,-70.07,Visual,1,Summer,,
2011-08-03,43.02,-70.31,Visual,1,Summer,,
2011-07-30,43.06,-70.2,Visual,1,Summer,,
2011-07-20,42.16,-70.2,Visual,1,Summer,,
2011-07-20,41.51,-70.62,Visual,1,Summer,,
2011-07-19,42.04,-70.01,Visual,1,Summer,,
2011-07-17,42.98,-70.23,Visual,1,Summer,,
2011-07-17,42.1,-70.12,Visual,1,Summer,,
2011-07-11,44.48,-66.63,Visual,1,Summer,,
2011-06-30,42.92,-70.29,Visual,1,Summer,,
2011-06-21,41.96,-68.94,Visual,1,Summer,,
2011-06-19,41.91,-68.62,Visual,1,Summer,,
2011-06-19,42.0,-68.73,Visual,1,Summer,,
2011-06-19,41.95,-68.79,Visual,1,Summer,,
2011-06-19,42.03,-68.98,Visual,1,Summer,,
2011-06-16,42.33,-67.72,Visual,1,Summer,,
2011-06-16,42.44,-67.84,Visual,1,Summer,,
2011-06-16,42.45,-67.8,Visual,1,Summer,,
2011-06-16,42.48,-67.67,Visual,1,Summer,,
2011-06-16,42.56,-67.51,Visual,1,Summer,,
2011-06-16,42.52,-67.86,Visual,1,Summer,,
2011-06-16,42.34,-67.67,Visual,1,Summer,,
2011-06-16,42.44,-67.9,Visual,1,Summer,,
2011-06-16,42.32,-67.76,Visual,1,Summer,,
2011-06-16,42.01,-69.0,Visual,1,Summer,,
2011-06-16,42.43,-67.6,Visual,1,Summer,,
2011-06-08,42.73,-69.77,Visual,1,Summer,,
2011-06-08,42.59,-69.69,Visual,1,Summer,,
2011-06-07,42.66,-69.28,Visual,1,Summer,,
2011-06-07,42.54,-68.85,Visual,1,Summer,,
2011-06-07,42.92,-69.48,Visual,1,Summer,,
2011-06-07,42.92,-69.52,Visual,1,Summer,,
2011-06-05,42.12,-69.1,Visual,1,Summer,,
2011-06-05,42.14,-69.16,Visual,1,Summer,,
2011-06-05,42.21,-69.1,Visual,1,Summer,,
2011-06-04,41.68,-68.97,Visual,1,Summer,,
2011-06-03,39.22,-74.42,Visual,1,Summer,,
2011-06-02,39.95,-74.05,Visual,1,Summer,,
2011-05-31,41.63,-69.44,Visual,1,Spring,,
2011-05-31,41.82,-69.02,Visual,1,Spring,,
2011-05-31,41.9,-68.94,Visual,1,Spring,,
2011-05-31,41.9,-69.25,Visual,1,Spring,,
2011-05-25,41.69,-68.69,Visual,1,Spring,,
2011-05-23,41.8,-68.75,Visual,1,Spring,,
2011-05-23,41.83,-68.9,Visual,1,Spring,,
2011-05-23,41.73,-68.73,Visual,1,Spring,,
2011-05-22,41.88,-68.83,Visual,1,Spring,,
2011-05-22,42.14,-68.96,Visual,1,Spring,,
2011-05-22,42.3,-68.8,Visual,1,Spring,,
2011-05-13,41.46,-69.32,Visual,1,Spring,,
2011-05-13,42.2,-70.07,Visual,1,Spring,,
2011-05-01,42.45,-70.48,Visual,1,Spring,,
2011-05-01,42.56,-70.66,Visual,1,Spring,,
2011-04-22,42.39,-70.44,Visual,1,Spring,,
2011-04-29,42.4,-70.35,Visual,1,Spring,,
2011-04-25,42.16,-70.31,Visual,1,Spring,,
2011-04-27,42.33,-70.35,Visual,1,Spring,,
2011-04-30,42.2,-70.17,Visual,1,Spring,,
2011-04-30,42.17,-70.3,Visual,1,Spring,,
2011-04-22,42.02,-70.21,Visual,1,Spring,,
2011-04-22,42.06,-70.25,Visual,1,Spring,,
2011-05-02,42.06,-70.25,Visual,1,Spring,,
2011-04-22,42.02,-70.19,Visual,1,Spring,,
2011-05-02,42.07,-70.25,Visual,1,Spring,,
2011-05-02,42.02,-70.19,Visual,1,Spring,,
2011-05-02,42.06,-70.26,Visual,1,Spring,,
2011-05-02,42.08,-70.3,Visual,1,Spring,,
2011-05-02,42.11,-70.36,Visual,1,Spring,,
2011-05-02,42.14,-70.32,Visual,1,Spring,,
2011-05-02,42.16,-70.3,Visual,1,Spring,,
2011-05-02,42.13,-70.32,Visual,1,Spring,,
2011-05-02,42.14,-70.3,Visual,1,Spring,,
2011-05-02,42.15,-70.28,Visual,1,Spring,,
2011-05-02,42.19,-70.22,Visual,1,Spring,,
2011-05-02,42.09,-70.25,Visual,1,Spring,,
2011-05-02,42.05,-70.24,Visual,1,Spring,,
2011-05-02,42.03,-70.21,Visual,1,Spring,,
2011-05-02,42.02,-70.02,Visual,1,Spring,,
2011-05-02,42.08,-70.24,Visual,1,Spring,,
2011-05-03,41.81,-70.29,Visual,1,Spring,,
2011-05-03,41.91,-70.38,Visual,1,Spring,,
2011-05-03,41.93,-70.37,Visual,1,Spring,,
2011-05-03,41.92,-70.37,Visual,1,Spring,,
2011-05-03,41.92,-70.39,Visual,1,Spring,,
2011-05-03,41.96,-70.4,Visual,1,Spring,,
2011-05-03,41.96,-70.41,Visual,1,Spring,,
2011-05-03,41.94,-70.22,Visual,1,Spring,,
2011-05-03,41.97,-70.12,Visual,1,Spring,,
2011-05-03,42.03,-70.19,Visual,1,Spring,,
2011-05-03,42.01,-70.19,Visual,1,Spring,,
2011-05-03,42.0,-70.2,Visual,1,Spring,,
2011-05-03,42.04,-70.52,Visual,1,Spring,,
2011-05-03,42.06,-70.46,Visual,1,Spring,,
2011-05-03,42.05,-70.46,Visual,1,Spring,,
2011-05-03,42.06,-70.44,Visual,1,Spring,,
2011-05-03,42.09,-70.29,Visual,1,Spring,,
2011-05-03,42.12,-70.25,Visual,1,Spring,,
2011-05-03,42.13,-70.24,Visual,1,Spring,,
2011-05-03,42.08,-70.22,Visual,1,Spring,,
2011-05-03,42.09,-70.2,Visual,1,Spring,,
2011-05-03,41.84,-69.89,Visual,1,Spring,,
2011-05-03,41.7,-69.79,Visual,1,Spring,,
2011-05-03,41.72,-69.79,Visual,1,Spring,,
2011-05-03,41.73,-69.8,Visual,1,Spring,,
2011-05-03,41.72,-69.8,Visual,1,Spring,,
2011-04-29,42.09,-70.14,Visual,1,Spring,,
2011-04-29,42.02,-70.21,Visual,1,Spring,,
2011-04-29,41.98,-70.19,Visual,1,Spring,,
2011-04-29,41.9,-70.17,Visual,1,Spring,,
2011-04-29,41.9,-70.21,Visual,1,Spring,,
2011-04-25,41.87,-70.27,Visual,1,Spring,,
2011-04-25,42.48,-70.22,Visual,1,Spring,,
2011-04-25,42.06,-70.25,Visual,1,Spring,,
2011-04-25,42.05,-70.05,Visual,1,Spring,,
2011-04-24,42.03,-70.15,Visual,1,Spring,,
2011-04-24,42.03,-70.23,Visual,1,Spring,,
2011-04-24,42.05,-70.28,Visual,1,Spring,,
2011-04-24,42.06,-70.27,Visual,1,Spring,,
2011-04-24,42.09,-70.3,Visual,1,Spring,,
2011-04-24,42.1,-70.21,Visual,1,Spring,,
2011-04-24,41.77,-69.87,Visual,1,Spring,,
2011-04-22,42.01,-70.21,Visual,1,Spring,,
2011-04-22,41.98,-70.12,Visual,1,Spring,,
2011-04-22,41.96,-70.29,Visual,1,Spring,,
2011-04-22,41.94,-70.19,Visual,1,Spring,,
2011-04-22,41.91,-70.27,Visual,1,Spring,,
2011-04-22,41.9,-70.21,Visual,1,Spring,,
2011-04-22,41.89,-70.18,Visual,1,Spring,,
2011-04-22,41.87,-70.24,Visual,1,Spring,,
2011-04-22,41.84,-70.26,Visual,1,Spring,,
2011-04-22,41.83,-70.28,Visual,1,Spring,,
2011-04-22,41.82,-70.47,Visual,1,Spring,,
2011-04-22,41.79,-70.27,Visual,1,Spring,,
2011-05-02,41.61,-69.59,Visual,1,Spring,,
2011-05-02,41.63,-69.68,Visual,1,Spring,,
2011-05-02,41.64,-69.69,Visual,1,Spring,,
2011-05-02,41.63,-69.71,Visual,1,Spring,,
2011-05-02,41.62,-69.8,Visual,1,Spring,,
2011-05-02,41.64,-69.78,Visual,1,Spring,,
2011-05-02,41.74,-69.74,Visual,1,Spring,,
2011-05-02,41.75,-69.73,Visual,1,Spring,,
2011-05-02,41.74,-69.73,Visual,1,Spring,,
2011-05-02,41.72,-69.82,Visual,1,Spring,,
2011-05-02,41.79,-69.88,Visual,1,Spring,,
2011-05-02,41.78,-69.87,Visual,1,Spring,,
2011-05-02,41.78,-69.64,Visual,1,Spring,,
2011-05-02,41.91,-69.93,Visual,1,Spring,,
2011-05-02,42.03,-70.03,Visual,1,Spring,,
2011-05-02,42.03,-70.02,Visual,1,Spring,,
2011-05-02,42.05,-70.06,Visual,1,Spring,,
2011-05-02,42.04,-70.05,Visual,1,Spring,,
2011-05-02,42.04,-70.04,Visual,1,Spring,,
2011-05-02,41.74,-69.72,Visual,1,Spring,,
2011-05-02,42.17,-70.29,Visual,1,Spring,,
2011-05-02,42.16,-70.28,Visual,1,Spring,,
2011-04-30,41.16,-70.65,Visual,1,Spring,,
2011-05-03,42.04,-69.98,Visual,1,Spring,,
2011-04-30,41.78,-69.28,Visual,1,Spring,,
2011-04-30,41.71,-69.49,Visual,1,Spring,,
2011-04-22,41.05,-70.84,Visual,1,Spring,,
2011-04-22,41.04,-70.85,Visual,1,Spring,,
2011-04-22,41.12,-70.92,Visual,1,Spring,,
2011-04-22,41.11,-70.99,Visual,1,Spring,,
2011-04-22,41.15,-70.99,Visual,1,Spring,,
2011-04-22,41.18,-70.94,Visual,1,Spring,,
2011-04-22,41.19,-70.95,Visual,1,Spring,,
2011-04-22,41.21,-70.95,Visual,1,Spring,,
2011-05-03,42.4,-69.77,Visual,1,Spring,,
2011-05-03,41.99,-69.78,Visual,1,Spring,,
2011-05-03,42.1,-70.16,Visual,1,Spring,,
2011-05-03,42.43,-70.28,Visual,1,Spring,,
2011-05-02,41.23,-70.88,Visual,1,Spring,,
2011-04-29,41.28,-70.84,Visual,1,Spring,,
2011-04-30,42.21,-70.33,Visual,1,Spring,,
2011-05-01,42.02,-70.18,Visual,1,Spring,,
2011-04-27,41.47,-70.19,Visual,1,Spring,,
2011-05-04,42.16,-70.21,Visual,1,Spring,,
2011-04-21,42.02,-70.21,Visual,1,Spring,,
2011-04-20,42.01,-70.18,Visual,1,Spring,,
2011-04-21,42.0,-70.13,Visual,1,Spring,,
2011-04-29,42.01,-70.2,Visual,1,Spring,,
2011-04-29,42.01,-70.18,Visual,1,Spring,,
2011-04-25,42.04,-70.24,Visual,1,Spring,,
2011-04-23,42.02,-70.2,Visual,1,Spring,,
2011-04-24,42.02,-70.2,Visual,1,Spring,,
2011-05-04,42.04,-70.23,Visual,1,Spring,,
2011-05-03,42.02,-70.2,Visual,1,Spring,,
2011-05-02,42.04,-70.25,Visual,1,Spring,,
2011-05-01,42.06,-70.25,Visual,1,Spring,,
2011-04-27,42.07,-70.25,Visual,1,Spring,,
2011-04-27,42.08,-70.24,Visual,1,Spring,,
2011-05-07,42.05,-70.25,Visual,1,Spring,,
2011-05-07,42.04,-70.24,Visual,1,Spring,,
2011-05-06,42.02,-70.22,Visual,1,Spring,,
2011-04-25,41.58,-70.15,Visual,1,Spring,,
2011-02-18,41.91,-70.43,Visual,1,Winter,,
2011-02-19,36.88,-75.86,Visual,1,Winter,,
2011-04-19,42.01,-70.21,Visual,1,Spring,,
2011-04-06,41.78,-70.41,Visual,1,Spring,,
2011-01-08,40.15,-73.15,Visual,1,Winter,,
2011-04-13,41.99,-70.2,Visual,1,Spring,,
2011-04-12,41.99,-70.16,Visual,1,Spring,,
2011-03-29,42.07,-70.47,Visual,1,Spring,,
2011-01-28,41.79,-70.39,Visual,1,Winter,,
2011-01-28,41.85,-70.32,Visual,1,Winter,,
2011-01-28,41.86,-70.29,Visual,1,Winter,,
2011-01-28,41.95,-70.2,Visual,1,Winter,,
2011-01-28,41.96,-70.17,Visual,1,Winter,,
2011-01-28,42.01,-70.16,Visual,1,Winter,,
2011-01-28,42.01,-70.23,Visual,1,Winter,,
2011-01-28,42.02,-70.2,Visual,1,Winter,,
2011-02-07,42.04,-70.22,Visual,1,Winter,,
2011-02-07,41.86,-70.15,Visual,1,Winter,,
2011-01-29,41.58,-69.75,Visual,1,Winter,,
2011-01-29,41.9,-69.75,Visual,1,Winter,,
2011-01-28,41.96,-69.94,Visual,1,Winter,,
2011-02-24,41.93,-70.4,Visual,1,Winter,,
2011-02-24,41.84,-70.45,Visual,1,Winter,,
2011-02-24,41.85,-70.28,Visual,1,Winter,,
2011-02-24,41.93,-70.23,Visual,1,Winter,,
2011-04-08,42.01,-70.1,Visual,1,Spring,,
2011-04-08,42.03,-70.1,Visual,1,Spring,,
2011-04-08,41.97,-70.17,Visual,1,Spring,,
2011-04-15,42.03,-70.22,Visual,1,Spring,,
2011-04-15,42.02,-70.19,Visual,1,Spring,,
2011-04-15,42.01,-70.12,Visual,1,Spring,,
2011-04-14,42.03,-70.16,Visual,1,Spring,,
2011-04-14,42.03,-70.22,Visual,1,Spring,,
2011-04-14,42.02,-70.19,Visual,1,Spring,,
2011-04-14,42.02,-70.17,Visual,1,Spring,,
2011-03-23,42.02,-70.2,Visual,1,Spring,,
2011-03-23,42.02,-70.23,Visual,1,Spring,,
2011-03-23,41.85,-70.27,Visual,1,Spring,,
2011-03-23,41.94,-70.23,Visual,1,Spring,,
2011-03-23,41.95,-70.22,Visual,1,Spring,,
2011-03-23,41.97,-70.18,Visual,1,Spring,,
2011-03-23,42.01,-70.14,Visual,1,Spring,,
2011-01-29,41.85,-70.29,Visual,1,Winter,,
2011-01-29,41.86,-70.23,Visual,1,Winter,,
2011-01-29,41.89,-70.18,Visual,1,Winter,,
2011-01-29,41.92,-70.17,Visual,1,Winter,,
2011-01-29,41.95,-70.2,Visual,1,Winter,,
2011-01-29,41.97,-70.18,Visual,1,Winter,,
2011-01-29,41.95,-70.23,Visual,1,Winter,,
2011-01-29,41.84,-70.38,Visual,1,Winter,,
2011-02-07,42.02,-70.22,Visual,1,Winter,,
2011-02-07,41.84,-70.31,Visual,1,Winter,,
2011-02-07,41.99,-70.17,Visual,1,Winter,,
2011-03-15,42.87,-70.36,Visual,1,Spring,,
2011-02-17,42.03,-70.14,Visual,1,Winter,,
2011-02-24,42.04,-70.16,Visual,1,Winter,,
2011-03-30,42.11,-70.29,Visual,1,Spring,,
2011-03-30,42.26,-70.26,Visual,1,Spring,,
2011-03-30,42.27,-70.25,Visual,1,Spring,,
2011-03-30,42.21,-70.31,Visual,1,Spring,,
2011-04-07,42.08,-70.26,Visual,1,Spring,,
2011-04-07,42.23,-70.31,Visual,1,Spring,,
2011-04-07,42.22,-70.31,Visual,1,Spring,,
2011-04-07,42.16,-70.32,Visual,1,Spring,,
2011-04-07,42.14,-70.31,Visual,1,Spring,,
2011-04-07,42.14,-70.3,Visual,1,Spring,,
2011-04-07,42.08,-70.12,Visual,1,Spring,,
2011-04-07,42.08,-70.13,Visual,1,Spring,,
2011-04-07,42.1,-70.17,Visual,1,Spring,,
2011-04-07,42.1,-70.18,Visual,1,Spring,,
2011-04-07,42.09,-70.18,Visual,1,Spring,,
2011-04-07,42.07,-70.25,Visual,1,Spring,,
2011-04-07,42.08,-70.24,Visual,1,Spring,,
2011-04-07,42.02,-70.18,Visual,1,Spring,,
2011-03-15,42.09,-70.02,Visual,1,Spring,,
2011-03-15,42.08,-70.02,Visual,1,Spring,,
2011-03-15,42.12,-70.06,Visual,1,Spring,,
2011-04-14,42.02,-70.18,Visual,1,Spring,,
2011-04-14,42.04,-70.22,Visual,1,Spring,,
2011-04-14,42.04,-70.23,Visual,1,Spring,,
2011-04-14,42.06,-70.24,Visual,1,Spring,,
2011-04-14,42.07,-70.26,Visual,1,Spring,,
2011-04-14,42.1,-70.28,Visual,1,Spring,,
2011-04-14,42.15,-70.32,Visual,1,Spring,,
2011-04-14,42.16,-70.33,Visual,1,Spring,,
2011-04-14,42.18,-70.32,Visual,1,Spring,,
2011-04-14,42.17,-70.29,Visual,1,Spring,,
2011-04-14,42.15,-70.24,Visual,1,Spring,,
2011-04-14,42.15,-70.21,Visual,1,Spring,,
2011-04-14,42.18,-70.13,Visual,1,Spring,,
2011-04-14,42.17,-70.13,Visual,1,Spring,,
2011-04-14,42.16,-70.16,Visual,1,Spring,,
2011-04-14,42.13,-70.19,Visual,1,Spring,,
2011-04-14,42.12,-70.2,Visual,1,Spring,,
2011-04-14,42.11,-70.21,Visual,1,Spring,,
2011-04-14,42.1,-70.22,Visual,1,Spring,,
2011-04-14,42.09,-70.23,Visual,1,Spring,,
2011-04-14,42.07,-70.24,Visual,1,Spring,,
2011-04-14,42.07,-70.25,Visual,1,Spring,,
2011-04-14,42.06,-70.25,Visual,1,Spring,,
2011-04-14,42.03,-70.21,Visual,1,Spring,,
2011-04-14,42.02,-70.21,Visual,1,Spring,,
2011-04-14,42.02,-70.2,Visual,1,Spring,,
2011-04-14,42.03,-70.17,Visual,1,Spring,,
2011-04-19,42.23,-70.2,Visual,1,Spring,,
2011-02-24,41.84,-70.29,Visual,1,Winter,,
2011-02-24,41.85,-70.36,Visual,1,Winter,,
2011-03-31,41.95,-69.95,Visual,1,Spring,,
2011-03-30,42.1,-70.2,Visual,1,Spring,,
2011-03-30,42.08,-70.06,Visual,1,Spring,,
2011-03-30,42.04,-70.24,Visual,1,Spring,,
2011-03-30,42.0,-70.23,Visual,1,Spring,,
2011-03-30,41.9,-70.16,Visual,1,Spring,,
2011-03-30,41.82,-70.16,Visual,1,Spring,,
2011-03-30,41.73,-69.87,Visual,1,Spring,,
2011-03-17,41.8,-70.36,Visual,1,Spring,,
2011-03-17,41.8,-70.24,Visual,1,Spring,,
2011-03-17,41.83,-70.18,Visual,1,Spring,,
2011-03-17,41.83,-70.2,Visual,1,Spring,,
2011-03-17,41.83,-70.22,Visual,1,Spring,,
2011-03-17,41.84,-70.22,Visual,1,Spring,,
2011-03-17,41.85,-70.22,Visual,1,Spring,,
2011-03-17,41.85,-70.2,Visual,1,Spring,,
2011-03-17,41.84,-70.2,Visual,1,Spring,,
2011-03-17,41.89,-70.18,Visual,1,Spring,,
2011-03-17,41.84,-70.13,Visual,1,Spring,,
2011-03-17,41.92,-70.19,Visual,1,Spring,,
2011-03-17,41.93,-70.17,Visual,1,Spring,,
2011-03-17,41.94,-70.43,Visual,1,Spring,,
2011-03-17,42.05,-70.4,Visual,1,Spring,,
2011-03-17,42.04,-70.39,Visual,1,Spring,,
2011-03-17,42.06,-70.4,Visual,1,Spring,,
2011-03-17,42.11,-70.28,Visual,1,Spring,,
2011-03-17,42.11,-70.17,Visual,1,Spring,,
2011-03-17,42.01,-69.91,Visual,1,Spring,,
2011-03-17,42.01,-69.93,Visual,1,Spring,,
2011-03-15,41.87,-69.87,Visual,1,Spring,,
2011-03-15,41.93,-69.89,Visual,1,Spring,,
2011-03-15,41.94,-69.89,Visual,1,Spring,,
2011-03-15,41.93,-69.88,Visual,1,Spring,,
2011-03-15,41.94,-69.91,Visual,1,Spring,,
2011-03-15,41.05,-69.95,Visual,1,Spring,,
2011-03-15,42.09,-70.03,Visual,1,Spring,,
2011-03-15,42.14,-70.11,Visual,1,Spring,,
2011-03-15,42.14,-70.17,Visual,1,Spring,,
2011-03-13,41.85,-70.24,Visual,1,Spring,,
2011-03-13,41.84,-70.36,Visual,1,Spring,,
2011-03-13,41.84,-70.23,Visual,1,Spring,,
2011-03-13,41.85,-70.22,Visual,1,Spring,,
2011-03-13,41.82,-70.21,Visual,1,Spring,,
2011-03-13,41.82,-70.24,Visual,1,Spring,,
2011-03-13,41.83,-70.24,Visual,1,Spring,,
2011-03-13,41.82,-70.26,Visual,1,Spring,,
2011-03-08,41.84,-70.43,Visual,1,Spring,,
2011-03-08,41.89,-70.36,Visual,1,Spring,,
2011-03-08,41.93,-70.16,Visual,1,Spring,,
2011-03-08,41.91,-70.3,Visual,1,Spring,,
2011-03-08,41.98,-70.35,Visual,1,Spring,,
2011-03-08,42.02,-70.32,Visual,1,Spring,,
2011-03-08,42.07,-70.43,Visual,1,Spring,,
2011-03-08,42.06,-70.35,Visual,1,Spring,,
2011-03-08,42.15,-70.29,Visual,1,Spring,,
2011-03-23,41.84,-70.26,Visual,1,Spring,,
2011-03-23,41.87,-70.23,Visual,1,Spring,,
2011-03-23,41.88,-70.23,Visual,1,Spring,,
2011-03-23,41.9,-70.22,Visual,1,Spring,,
2011-03-23,41.91,-70.22,Visual,1,Spring,,
2011-03-23,41.92,-70.23,Visual,1,Spring,,
2011-03-23,41.93,-70.22,Visual,1,Spring,,
2011-03-23,41.99,-70.18,Visual,1,Spring,,
2011-03-23,41.99,-70.08,Visual,1,Spring,,
2011-03-23,41.99,-70.24,Visual,1,Spring,,
2011-03-23,41.96,-70.23,Visual,1,Spring,,
2011-03-23,41.97,-70.12,Visual,1,Spring,,
2011-03-23,41.97,-70.24,Visual,1,Spring,,
2011-03-23,41.99,-70.25,Visual,1,Spring,,
2011-03-23,41.99,-70.36,Visual,1,Spring,,
2011-03-23,41.96,-70.5,Visual,1,Spring,,
2011-03-23,42.01,-70.26,Visual,1,Spring,,
2011-03-23,42.01,-70.13,Visual,1,Spring,,
2011-03-23,42.0,-70.19,Visual,1,Spring,,
2011-03-23,42.06,-70.53,Visual,1,Spring,,
2011-02-17,42.14,-70.32,Visual,1,Winter,,
2011-02-17,42.01,-70.25,Visual,1,Winter,,
2011-02-17,42.02,-70.22,Visual,1,Winter,,
2011-02-17,41.97,-70.18,Visual,1,Winter,,
2011-02-17,41.91,-70.23,Visual,1,Winter,,
2011-02-17,41.87,-70.25,Visual,1,Winter,,
2011-02-17,41.76,-70.39,Visual,1,Winter,,
2011-03-04,41.83,-70.4,Visual,1,Spring,,
2011-03-04,42.1,-70.3,Visual,1,Spring,,
2011-01-22,41.92,-70.19,Visual,1,Winter,,
2011-01-22,41.91,-70.19,Visual,1,Winter,,
2011-01-22,41.88,-70.35,Visual,1,Winter,,
2011-04-19,41.83,-70.14,Visual,1,Spring,,
2011-04-19,41.86,-70.3,Visual,1,Spring,,
2011-04-19,41.86,-70.19,Visual,1,Spring,,
2011-04-19,41.9,-70.27,Visual,1,Spring,,
2011-04-19,41.92,-70.18,Visual,1,Spring,,
2011-04-19,41.94,-70.41,Visual,1,Spring,,
2011-04-19,41.95,-70.3,Visual,1,Spring,,
2011-04-19,41.97,-70.17,Visual,1,Spring,,
2011-04-19,41.98,-70.22,Visual,1,Spring,,
2011-04-19,42.0,-70.27,Visual,1,Spring,,
2011-04-19,42.01,-70.19,Visual,1,Spring,,
2011-04-19,42.06,-70.3,Visual,1,Spring,,
2011-04-19,42.08,-70.49,Visual,1,Spring,,
2011-04-19,42.09,-70.22,Visual,1,Spring,,
2011-04-19,42.05,-70.07,Visual,1,Spring,,
2011-04-19,41.85,-69.88,Visual,1,Spring,,
2011-03-20,42.07,-70.27,Visual,1,Spring,,
2011-03-20,41.91,-70.19,Visual,1,Spring,,
2011-03-20,41.92,-70.2,Visual,1,Spring,,
2011-03-20,41.9,-70.2,Visual,1,Spring,,
2011-03-20,41.85,-70.24,Visual,1,Spring,,
2011-01-06,42.06,-70.09,Visual,1,Winter,,
2011-01-06,41.76,-70.19,Visual,1,Winter,,
2011-01-17,41.98,-70.15,Visual,1,Winter,,
2011-02-24,41.82,-69.9,Visual,1,Winter,,
2011-02-24,41.78,-69.86,Visual,1,Winter,,
2011-02-24,41.69,-69.79,Visual,1,Winter,,
2011-04-10,42.19,-70.2,Visual,1,Spring,,
2011-04-10,42.11,-70.19,Visual,1,Spring,,
2011-04-10,42.03,-70.0,Visual,1,Spring,,
2011-04-10,42.04,-70.02,Visual,1,Spring,,
2011-04-10,42.08,-69.97,Visual,1,Spring,,
2011-04-10,42.08,-70.07,Visual,1,Spring,,
2011-04-10,42.18,-70.02,Visual,1,Spring,,
2011-04-10,42.23,-70.34,Visual,1,Spring,,
2011-04-10,42.16,-70.3,Visual,1,Spring,,
2011-04-10,42.15,-70.32,Visual,1,Spring,,
2011-04-10,42.1,-70.33,Visual,1,Spring,,
2011-04-08,41.57,-69.44,Visual,1,Spring,,
2011-04-08,41.56,-69.4,Visual,1,Spring,,
2011-04-08,41.72,-69.47,Visual,1,Spring,,
2011-04-08,41.68,-69.53,Visual,1,Spring,,
2011-04-08,41.64,-69.66,Visual,1,Spring,,
2011-04-08,41.68,-69.78,Visual,1,Spring,,
2011-04-08,41.71,-69.83,Visual,1,Spring,,
2011-04-07,41.04,-70.75,Visual,1,Spring,,
2011-04-07,41.24,-71.11,Visual,1,Spring,,
2011-04-07,41.24,-71.09,Visual,1,Spring,,
2011-04-07,41.25,-71.08,Visual,1,Spring,,
2011-04-07,41.23,-71.07,Visual,1,Spring,,
2011-03-17,42.04,-69.98,Visual,1,Spring,,
2011-03-17,42.37,-70.06,Visual,1,Spring,,
2011-03-17,42.27,-70.33,Visual,1,Spring,,
2011-03-17,42.3,-70.32,Visual,1,Spring,,
2011-03-17,42.3,-70.34,Visual,1,Spring,,
2011-03-17,42.29,-70.32,Visual,1,Spring,,
2011-04-14,41.79,-70.07,Visual,1,Spring,,
2011-04-14,41.86,-70.12,Visual,1,Spring,,
2011-03-23,40.96,-71.15,Visual,1,Spring,,
2011-03-23,40.99,-70.91,Visual,1,Spring,,
2011-03-17,42.15,-70.38,Visual,1,Spring,,
2011-03-17,42.17,-70.08,Visual,1,Spring,,
2011-02-16,42.77,-69.78,Visual,1,Winter,,
2011-01-22,41.62,-69.68,Visual,1,Winter,,
2011-01-17,42.58,-70.13,Visual,1,Winter,,
2011-01-15,42.51,-69.32,Visual,1,Winter,,
2011-01-15,42.9,-69.45,Visual,1,Winter,,
2011-01-07,42.15,-70.07,Visual,1,Winter,,
2011-01-04,42.13,-70.39,Visual,1,Winter,,
2011-03-14,41.24,-69.47,Visual,1,Spring,,
2011-01-01,43.41,-68.29,Visual,1,Winter,,
2011-03-04,41.9,-70.35,Visual,1,Spring,,
2011-04-15,42.16,-69.9,Visual,1,Spring,,
2011-04-03,42.06,-70.08,Visual,1,Spring,,
2011-04-03,42.09,-70.23,Visual,1,Spring,,
2011-03-17,42.42,-70.47,Visual,1,Spring,,
2011-04-20,42.02,-70.17,Visual,1,Spring,,
2011-04-19,42.06,-70.25,Visual,1,Spring,,
2011-04-19,42.02,-70.19,Visual,1,Spring,,
2011-04-18,42.03,-70.17,Visual,1,Spring,,
2011-04-15,42.03,-70.16,Visual,1,Spring,,
2011-04-16,42.04,-70.17,Visual,1,Spring,,
2011-01-25,41.77,-70.47,Visual,1,Winter,,
2011-03-31,42.13,-70.02,Visual,1,Spring,,
2011-04-06,42.08,-70.25,Visual,1,Spring,,
2011-04-06,42.02,-70.31,Visual,1,Spring,,
2011-03-26,42.11,-70.15,Visual,1,Spring,,
2011-03-26,42.1,-70.15,Visual,1,Spring,,
2011-03-26,42.04,-70.27,Visual,1,Spring,,
2011-03-24,41.99,-70.22,Visual,1,Spring,,
2011-01-22,41.92,-70.18,Visual,1,Winter,,
2011-01-06,42.02,-70.47,Visual,1,Winter,,
2010-12-31,42.88,-68.88,Visual,1,Winter,,
2010-12-30,43.09,-70.11,Visual,1,Winter,,
2010-12-18,43.38,-68.23,Visual,1,Winter,,
2010-12-18,43.25,-68.48,Visual,1,Winter,,
2010-12-18,42.66,-69.09,Visual,1,Winter,,
2010-12-18,42.62,-68.91,Visual,1,Winter,,
2010-12-18,42.96,-69.0,Visual,1,Winter,,
2010-12-17,43.11,-68.47,Visual,1,Winter,,
2011-01-08,40.15,-73.48,Visual,1,Winter,,
2011-01-06,41.91,-70.19,Visual,1,Winter,,
2010-12-31,42.78,-68.88,Visual,1,Winter,,
2010-12-30,42.78,-70.18,Visual,1,Winter,,
2010-12-19,42.1,-69.18,Visual,1,Winter,,
2010-12-19,42.81,-69.96,Visual,1,Winter,,
2010-12-18,42.84,-69.07,Visual,1,Winter,,
2010-12-18,42.76,-69.15,Visual,1,Winter,,
2010-12-18,42.64,-69.55,Visual,1,Winter,,
2010-01-24,43.12,-68.42,Visual,1,Winter,,
2010-01-24,43.05,-68.77,Visual,1,Winter,,
2010-01-15,40.29,-73.97,Visual,1,Winter,,
2010-01-14,43.22,-68.2,Visual,1,Winter,,
2010-01-14,43.17,-68.18,Visual,1,Winter,,
2010-01-14,43.13,-68.25,Visual,1,Winter,,
2010-01-14,43.19,-68.31,Visual,1,Winter,,
2010-01-14,43.1,-68.44,Visual,1,Winter,,
2010-01-13,43.0,-70.14,Visual,1,Winter,,
2010-01-05,43.1,-70.17,Visual,1,Winter,,
2010-12-17,43.37,-67.96,Visual,1,Winter,,
2010-04-03,40.93,-72.0,Visual,1,Spring,,
2010-08-29,42.57,-65.1,Visual,1,Summer,,
2010-04-20,41.08,-70.84,Visual,1,Spring,,
2010-08-27,44.63,-66.55,Visual,1,Summer,,
2010-05-17,41.72,-69.6,Visual,1,Spring,,
2010-05-16,41.7,-69.55,Visual,1,Spring,,
2010-05-04,41.73,-69.52,Visual,1,Spring,,
2010-05-05,41.73,-69.52,Visual,1,Spring,,
2010-05-07,41.72,-69.45,Visual,1,Spring,,
2010-04-14,41.79,-70.17,Visual,1,Spring,,
2010-05-01,41.66,-69.36,Visual,1,Spring,,
2010-05-13,41.85,-69.45,Visual,1,Spring,,
2010-04-20,41.26,-71.07,Visual,1,Spring,,
2010-08-31,43.58,-66.42,Visual,1,Summer,,
2010-04-16,41.76,-70.18,Visual,1,Spring,,
2010-05-18,41.7,-69.58,Visual,1,Spring,,
2010-05-12,41.58,-69.32,Visual,1,Spring,,
2010-04-20,41.33,-71.35,Visual,1,Spring,,
2010-11-16,43.47,-68.27,Visual,1,Fall,,
2010-04-13,41.78,-70.18,Visual,1,Spring,,
2010-08-11,44.6,-66.42,Visual,1,Summer,,
2010-11-30,43.67,-68.03,Visual,1,Fall,,
2010-11-13,42.68,-69.07,Visual,1,Fall,,
2010-02-02,41.8,-70.19,Visual,1,Winter,,
2010-11-15,43.47,-68.27,Visual,1,Fall,,
2010-08-18,44.65,-66.62,Visual,1,Summer,,
2010-04-13,41.92,-70.19,Visual,1,Spring,,
2010-05-10,41.7,-69.4,Visual,1,Spring,,
2010-05-28,41.18,-69.02,Visual,1,Spring,,
2010-05-28,41.14,-69.04,Visual,1,Spring,,
2010-04-20,41.76,-70.35,Visual,1,Spring,,
2010-04-19,41.28,-71.03,Visual,1,Spring,,
2010-10-11,42.93,-69.25,Visual,1,Fall,,
2010-04-12,42.0,-70.28,Visual,1,Spring,,
2010-04-13,41.88,-70.23,Visual,1,Spring,,
2010-03-21,41.85,-70.44,Visual,1,Spring,,
2010-04-03,41.79,-70.22,Visual,1,Spring,,
2010-03-20,41.69,-69.67,Visual,1,Spring,,
2010-09-12,42.65,-70.37,Visual,1,Fall,,
2010-03-10,42.2,-70.26,Visual,1,Spring,,
2010-03-10,42.15,-70.13,Visual,1,Spring,,
2010-05-22,42.07,-68.72,Visual,1,Spring,,
2010-04-04,41.92,-70.22,Visual,1,Spring,,
2010-05-13,41.48,-68.82,Visual,1,Spring,,
2010-04-20,41.22,-71.23,Visual,1,Spring,,
2010-04-20,42.04,-69.61,Visual,1,Spring,,
2010-04-10,42.02,-70.16,Visual,1,Spring,,
2010-04-02,42.0,-70.3,Visual,1,Spring,,
2010-04-13,41.94,-70.21,Visual,1,Spring,,
2010-04-05,41.85,-70.17,Visual,1,Spring,,
2010-04-06,41.83,-70.15,Visual,1,Spring,,
2010-04-13,41.79,-70.18,Visual,1,Spring,,
2010-05-17,41.73,-69.4,Visual,1,Spring,,
2010-05-04,41.55,-69.21,Visual,1,Spring,,
2010-05-11,41.53,-69.35,Visual,1,Spring,,
2010-04-20,41.24,-71.18,Visual,1,Spring,,
2010-03-07,41.22,-70.11,Visual,1,Spring,,
2010-04-20,41.17,-71.19,Visual,1,Spring,,
2010-05-17,44.39,-66.66,Visual,1,Spring,,
2010-01-24,43.2,-68.38,Visual,1,Winter,,
2010-10-24,43.03,-70.17,Visual,1,Fall,,
2010-09-19,42.89,-70.39,Visual,1,Fall,,
2010-05-21,42.78,-69.47,Visual,1,Spring,,
2010-08-21,42.73,-70.22,Visual,1,Summer,,
2010-08-19,42.73,-70.23,Visual,1,Summer,,
2010-08-14,42.72,-70.12,Visual,1,Summer,,
2010-09-14,42.69,-70.32,Visual,1,Fall,,
2010-08-01,42.6,-70.18,Visual,1,Summer,,
2010-09-16,42.49,-70.18,Visual,1,Fall,,
2010-09-16,42.48,-70.21,Visual,1,Fall,,
2010-04-02,42.03,-70.29,Visual,1,Spring,,
2010-04-01,42.02,-70.13,Visual,1,Spring,,
2010-04-06,41.96,-70.12,Visual,1,Spring,,
2010-03-25,41.95,-70.13,Visual,1,Spring,,
2010-04-06,41.85,-70.19,Visual,1,Spring,,
2010-05-01,41.84,-69.61,Visual,1,Spring,,
2010-04-13,41.82,-70.21,Visual,1,Spring,,
2010-04-04,41.82,-70.22,Visual,1,Spring,,
2010-05-11,41.78,-69.67,Visual,1,Spring,,
2010-04-07,41.75,-70.31,Visual,1,Spring,,
2010-05-21,41.59,-69.48,Visual,1,Spring,,
2010-09-10,44.2,-67.78,Visual,1,Fall,,
2010-11-30,43.53,-68.3,Visual,1,Fall,,
2010-10-24,43.15,-69.95,Visual,1,Fall,,
2010-10-19,43.01,-70.18,Visual,1,Fall,,
2010-11-13,42.98,-70.12,Visual,1,Fall,,
2010-11-30,42.96,-69.22,Visual,1,Fall,,
2010-10-20,42.84,-70.07,Visual,1,Fall,,
2010-08-31,42.74,-70.35,Visual,1,Summer,,
2010-05-21,42.74,-69.64,Visual,1,Spring,,
2010-08-07,42.72,-70.25,Visual,1,Summer,,
2010-08-08,42.68,-70.3,Visual,1,Summer,,
2010-09-13,42.58,-70.24,Visual,1,Fall,,
2010-11-13,42.33,-70.21,Visual,1,Fall,,
2010-05-04,42.1,-69.61,Visual,1,Spring,,
2010-04-12,42.04,-70.31,Visual,1,Spring,,
2010-04-12,41.99,-70.29,Visual,1,Spring,,
2010-03-21,41.99,-70.4,Visual,1,Spring,,
2010-04-13,41.94,-70.17,Visual,1,Spring,,
2010-04-13,41.88,-70.26,Visual,1,Spring,,
2010-04-02,41.84,-70.44,Visual,1,Spring,,
2010-03-28,41.84,-70.27,Visual,1,Spring,,
2010-04-05,41.83,-70.44,Visual,1,Spring,,
2010-04-05,41.81,-70.18,Visual,1,Spring,,
2010-04-02,41.81,-70.42,Visual,1,Spring,,
2010-02-02,41.8,-70.18,Visual,1,Winter,,
2010-02-13,41.8,-70.18,Visual,1,Winter,,
2010-04-12,41.8,-70.18,Visual,1,Spring,,
2010-02-02,41.78,-70.2,Visual,1,Winter,,
2010-04-02,41.78,-70.23,Visual,1,Spring,,
2010-04-02,41.78,-70.24,Visual,1,Spring,,
2010-04-23,41.72,-69.49,Visual,1,Spring,,
2010-04-06,41.9,-70.27,Visual,1,Spring,,
2010-05-13,41.45,-68.88,Visual,1,Spring,,
2010-04-19,41.28,-71.05,Visual,1,Spring,,
2010-03-09,41.28,-69.57,Visual,1,Spring,,
2010-08-22,44.28,-66.87,Visual,1,Summer,,
2010-01-24,43.02,-68.07,Visual,1,Winter,,
2010-10-20,42.99,-70.12,Visual,1,Fall,,
2010-10-20,42.97,-70.16,Visual,1,Fall,,
2010-10-11,42.91,-70.23,Visual,1,Fall,,
2010-08-10,42.88,-70.3,Visual,1,Summer,,
2010-10-11,42.88,-70.25,Visual,1,Fall,,
2010-08-22,42.72,-70.21,Visual,1,Summer,,
2010-08-19,42.69,-70.26,Visual,1,Summer,,
2010-09-02,42.69,-70.32,Visual,1,Fall,,
2010-08-30,42.69,-70.4,Visual,1,Summer,,
2010-08-14,42.68,-70.18,Visual,1,Summer,,
2010-09-11,42.68,-70.31,Visual,1,Fall,,
2010-07-25,42.67,-70.37,Visual,1,Summer,,
2010-09-03,42.61,-70.39,Visual,1,Fall,,
2010-03-19,42.13,-70.3,Visual,1,Spring,,
2010-02-06,42.07,-70.4,Visual,1,Winter,,
2010-04-11,42.0,-70.26,Visual,1,Spring,,
2010-04-02,41.99,-70.18,Visual,1,Spring,,
2010-04-12,41.98,-70.26,Visual,1,Spring,,
2010-04-12,41.97,-70.26,Visual,1,Spring,,
2010-04-12,41.94,-70.15,Visual,1,Spring,,
2010-04-06,41.93,-70.13,Visual,1,Spring,,
2010-04-05,41.93,-70.24,Visual,1,Spring,,
2010-04-05,41.93,-70.14,Visual,1,Spring,,
2010-03-28,41.92,-70.25,Visual,1,Spring,,
2010-04-12,41.92,-70.16,Visual,1,Spring,,
2010-02-13,41.91,-70.27,Visual,1,Winter,,
2010-04-14,41.85,-70.44,Visual,1,Spring,,
2010-03-07,41.84,-70.17,Visual,1,Spring,,
2010-03-25,41.82,-70.32,Visual,1,Spring,,
2010-04-12,41.81,-70.19,Visual,1,Spring,,
2010-04-02,41.8,-70.41,Visual,1,Spring,,
2010-04-18,41.8,-70.24,Visual,1,Spring,,
2010-02-02,41.78,-70.19,Visual,1,Winter,,
2010-05-01,41.74,-69.46,Visual,1,Spring,,
2010-05-04,41.74,-69.51,Visual,1,Spring,,
2010-05-01,41.73,-69.5,Visual,1,Spring,,
2010-04-20,41.25,-71.2,Visual,1,Spring,,
2010-01-31,41.25,-70.17,Visual,1,Winter,,
2010-01-31,41.24,-70.18,Visual,1,Winter,,
2010-03-07,41.17,-70.13,Visual,1,Spring,,
2010-09-13,44.5,-66.48,Visual,1,Fall,,
2010-10-12,44.19,-67.86,Visual,1,Fall,,
2010-11-30,43.67,-68.04,Visual,1,Fall,,
2010-11-06,43.61,-68.09,Visual,1,Fall,,
2010-10-12,43.59,-68.45,Visual,1,Fall,,
2010-11-30,43.5,-68.32,Visual,1,Fall,,
2010-07-03,42.81,-70.57,Visual,1,Summer,,
2010-11-30,43.19,-68.54,Visual,1,Fall,,
2010-05-05,43.16,-70.06,Visual,1,Spring,,
2010-10-11,43.07,-69.16,Visual,1,Fall,,
2010-11-29,43.04,-69.86,Visual,1,Fall,,
2010-10-24,43.03,-70.12,Visual,1,Fall,,
2010-10-19,42.97,-70.17,Visual,1,Fall,,
2010-11-29,42.97,-70.27,Visual,1,Fall,,
2010-10-03,42.95,-70.12,Visual,1,Fall,,
2010-10-19,42.94,-70.18,Visual,1,Fall,,
2010-11-13,42.92,-69.43,Visual,1,Fall,,
2010-05-21,42.91,-69.48,Visual,1,Spring,,
2010-10-20,42.91,-70.2,Visual,1,Fall,,
2010-11-15,42.9,-69.02,Visual,1,Fall,,
2010-10-24,42.9,-70.04,Visual,1,Fall,,
2010-11-29,42.9,-70.25,Visual,1,Fall,,
2010-08-14,42.89,-70.22,Visual,1,Summer,,
2010-08-16,42.89,-69.76,Visual,1,Summer,,
2010-08-13,42.88,-70.25,Visual,1,Summer,,
2010-10-19,42.87,-70.28,Visual,1,Fall,,
2010-10-20,42.86,-70.04,Visual,1,Fall,,
2010-05-18,42.86,-69.72,Visual,1,Spring,,
2010-09-11,42.85,-70.5,Visual,1,Fall,,
2010-10-19,42.83,-70.4,Visual,1,Fall,,
2010-06-08,42.74,-68.42,Visual,1,Summer,,
2010-06-22,42.71,-70.28,Visual,1,Summer,,
2010-08-31,42.71,-70.34,Visual,1,Summer,,
2010-09-11,42.7,-70.32,Visual,1,Fall,,
2010-07-29,42.69,-70.2,Visual,1,Summer,,
2010-07-03,42.68,-70.68,Visual,1,Summer,,
2010-09-13,42.68,-70.15,Visual,1,Fall,,
2010-11-13,42.67,-70.48,Visual,1,Fall,,
2010-09-13,42.64,-70.33,Visual,1,Fall,,
2010-05-21,42.58,-68.88,Visual,1,Spring,,
2010-10-10,42.57,-70.4,Visual,1,Fall,,
2010-07-06,42.55,-70.63,Visual,1,Summer,,
2010-03-11,42.38,-70.61,Visual,1,Spring,,
2010-09-19,42.35,-70.17,Visual,1,Fall,,
2010-06-17,42.29,-70.24,Visual,1,Summer,,
2010-05-22,42.25,-69.03,Visual,1,Spring,,
2010-07-08,42.2,-70.17,Visual,1,Summer,,
2010-03-10,42.15,-70.16,Visual,1,Spring,,
2010-04-20,42.14,-69.75,Visual,1,Spring,,
2010-05-22,42.13,-69.08,Visual,1,Spring,,
2010-10-12,42.12,-70.2,Visual,1,Fall,,
2010-04-20,42.11,-69.73,Visual,1,Spring,,
2010-03-17,42.1,-70.18,Visual,1,Spring,,
2010-03-20,42.1,-70.21,Visual,1,Spring,,
2010-03-02,42.1,-70.0,Visual,1,Spring,,
2010-04-02,42.07,-70.28,Visual,1,Spring,,
2010-03-12,42.06,-70.34,Visual,1,Spring,,
2010-04-12,42.04,-70.33,Visual,1,Spring,,
2010-04-12,42.04,-70.32,Visual,1,Spring,,
2010-04-01,42.04,-70.15,Visual,1,Spring,,
2010-04-02,42.02,-70.3,Visual,1,Spring,,
2010-04-04,42.0,-70.16,Visual,1,Spring,,
2010-02-20,41.99,-70.0,Visual,1,Winter,,
2010-03-17,41.99,-70.29,Visual,1,Spring,,
2010-04-12,41.98,-70.28,Visual,1,Spring,,
2010-04-12,41.98,-70.25,Visual,1,Spring,,
2010-04-13,41.98,-70.28,Visual,1,Spring,,
2010-03-19,41.96,-70.13,Visual,1,Spring,,
2010-04-05,41.94,-70.24,Visual,1,Spring,,
2010-04-06,41.94,-70.12,Visual,1,Spring,,
2010-04-12,41.94,-70.2,Visual,1,Spring,,
2010-02-28,41.94,-70.12,Visual,1,Winter,,
2010-04-13,41.94,-70.18,Visual,1,Spring,,
2010-04-14,41.94,-70.41,Visual,1,Spring,,
2010-04-23,41.93,-69.36,Visual,1,Spring,,
2010-04-12,41.92,-70.15,Visual,1,Spring,,
2010-04-13,41.91,-70.47,Visual,1,Spring,,
2010-04-05,41.91,-70.13,Visual,1,Spring,,
2010-05-01,41.9,-69.71,Visual,1,Spring,,
2010-03-07,41.9,-70.16,Visual,1,Spring,,
2010-04-02,41.89,-70.29,Visual,1,Spring,,
2010-04-13,41.87,-70.26,Visual,1,Spring,,
2010-03-07,41.85,-70.17,Visual,1,Spring,,
2010-03-07,41.85,-70.18,Visual,1,Spring,,
2010-04-18,41.85,-70.19,Visual,1,Spring,,
2010-01-28,41.83,-70.23,Visual,1,Winter,,
2010-04-03,41.83,-70.22,Visual,1,Spring,,
2010-04-05,41.82,-69.85,Visual,1,Spring,,
2010-04-04,41.82,-70.17,Visual,1,Spring,,
2010-04-05,41.81,-70.34,Visual,1,Spring,,
2010-02-02,41.81,-70.16,Visual,1,Winter,,
2010-04-02,41.81,-70.3,Visual,1,Spring,,
2010-04-12,41.8,-70.2,Visual,1,Spring,,
2010-04-12,41.8,-70.16,Visual,1,Spring,,
2010-04-12,41.8,-70.17,Visual,1,Spring,,
2010-04-13,41.78,-70.22,Visual,1,Spring,,
2010-04-18,41.78,-70.18,Visual,1,Spring,,
2010-05-01,41.77,-69.46,Visual,1,Spring,,
2010-05-04,41.75,-69.5,Visual,1,Spring,,
2010-05-04,41.75,-69.51,Visual,1,Spring,,
2010-05-01,41.75,-69.44,Visual,1,Spring,,
2010-05-04,41.74,-69.52,Visual,1,Spring,,
2010-05-04,41.73,-69.59,Visual,1,Spring,,
2010-04-19,41.56,-70.28,Visual,1,Spring,,
2010-04-06,41.87,-70.37,Visual,1,Spring,,
2010-04-18,41.48,-70.45,Visual,1,Spring,,
2010-05-28,41.42,-69.11,Visual,1,Spring,,
2010-04-20,41.37,-70.9,Visual,1,Spring,,
2010-03-09,41.28,-69.56,Visual,1,Spring,,
2010-03-07,41.21,-70.09,Visual,1,Spring,,
2010-03-07,41.19,-70.15,Visual,1,Spring,,
2010-04-20,41.03,-70.94,Visual,1,Spring,,
2010-04-19,39.06,-74.17,Visual,1,Spring,,
2010-11-29,38.74,-74.85,Visual,1,Fall,,
2010-12-16,38.72,-74.59,Visual,1,Winter,,
2010-10-21,38.61,-75.06,Visual,1,Fall,,
2010-08-02,44.81,-66.86,Visual,1,Summer,,
2010-08-29,44.58,-66.57,Visual,1,Summer,,
2010-08-29,44.56,-66.57,Visual,1,Summer,,
2010-08-29,44.45,-66.64,Visual,1,Summer,,
2010-10-19,44.27,-67.51,Visual,1,Fall,,
2010-06-30,44.12,-67.79,Visual,1,Summer,,
2010-11-30,43.61,-67.96,Visual,1,Fall,,
2010-10-12,43.54,-68.45,Visual,1,Fall,,
2010-11-30,43.48,-68.1,Visual,1,Fall,,
2010-11-15,43.32,-68.41,Visual,1,Fall,,
2010-11-30,43.31,-68.43,Visual,1,Fall,,
2010-11-15,43.23,-68.83,Visual,1,Fall,,
2010-10-12,43.17,-68.57,Visual,1,Fall,,
2010-11-15,43.13,-68.61,Visual,1,Fall,,
2010-11-13,43.1,-70.09,Visual,1,Fall,,
2010-01-14,43.06,-68.38,Visual,1,Winter,,
2010-01-24,43.05,-68.57,Visual,1,Winter,,
2010-09-18,43.02,-70.26,Visual,1,Fall,,
2010-10-20,43.0,-70.01,Visual,1,Fall,,
2010-09-13,42.97,-70.43,Visual,1,Fall,,
2010-11-13,42.96,-70.17,Visual,1,Fall,,
2010-10-21,42.96,-70.17,Visual,1,Fall,,
2010-11-29,42.95,-70.26,Visual,1,Fall,,
2010-10-20,42.91,-70.21,Visual,1,Fall,,
2010-11-13,42.91,-69.14,Visual,1,Fall,,
2010-09-02,42.9,-70.27,Visual,1,Fall,,
2010-07-30,42.89,-70.13,Visual,1,Summer,,
2010-10-19,42.88,-70.28,Visual,1,Fall,,
2010-08-11,42.88,-70.29,Visual,1,Summer,,
2010-11-06,42.87,-69.23,Visual,1,Fall,,
2010-10-11,42.87,-70.35,Visual,1,Fall,,
2010-10-24,42.87,-70.1,Visual,1,Fall,,
2010-11-13,42.85,-69.1,Visual,1,Fall,,
2010-09-01,42.83,-65.6,Visual,1,Fall,,
2010-09-14,42.71,-70.27,Visual,1,Fall,,
2010-09-10,42.69,-70.36,Visual,1,Fall,,
2010-10-12,42.69,-70.42,Visual,1,Fall,,
2010-10-10,42.68,-70.73,Visual,1,Fall,,
2010-07-13,42.64,-70.29,Visual,1,Summer,,
2010-09-11,42.62,-70.37,Visual,1,Fall,,
2010-08-19,42.62,-70.35,Visual,1,Summer,,
2010-07-30,42.61,-70.3,Visual,1,Summer,,
2010-09-03,42.58,-70.41,Visual,1,Fall,,
2010-11-13,42.55,-69.55,Visual,1,Fall,,
2010-09-16,42.55,-70.36,Visual,1,Fall,,
2010-05-21,42.54,-69.51,Visual,1,Spring,,
2010-09-01,42.54,-66.13,Visual,1,Fall,,
2010-05-22,42.52,-69.1,Visual,1,Spring,,
2010-01-14,42.52,-70.45,Visual,1,Winter,,
2010-06-17,42.49,-70.02,Visual,1,Summer,,
2010-09-19,42.47,-70.17,Visual,1,Fall,,
2010-05-21,42.46,-69.91,Visual,1,Spring,,
2010-05-22,42.45,-69.28,Visual,1,Spring,,
2010-05-21,42.4,-69.94,Visual,1,Spring,,
2010-06-17,42.36,-70.74,Visual,1,Summer,,
2010-03-07,42.32,-68.84,Visual,1,Spring,,
2010-05-23,42.28,-67.33,Visual,1,Spring,,
2010-04-18,42.27,-69.4,Visual,1,Spring,,
2010-06-17,42.26,-70.69,Visual,1,Summer,,
2010-10-11,42.25,-70.19,Visual,1,Fall,,
2010-05-22,42.22,-69.02,Visual,1,Spring,,
2010-10-11,42.21,-70.16,Visual,1,Fall,,
2010-06-27,42.2,-67.71,Visual,1,Summer,,
2010-07-08,42.2,-70.18,Visual,1,Summer,,
2010-03-10,42.2,-70.28,Visual,1,Spring,,
2010-05-22,42.19,-68.7,Visual,1,Spring,,
2010-04-20,42.19,-69.76,Visual,1,Spring,,
2010-04-20,42.17,-69.75,Visual,1,Spring,,
2010-06-11,42.17,-68.56,Visual,1,Summer,,
2010-03-08,42.16,-69.8,Visual,1,Spring,,
2010-03-02,42.16,-70.12,Visual,1,Spring,,
2010-03-08,42.16,-70.01,Visual,1,Spring,,
2010-04-14,42.15,-70.4,Visual,1,Spring,,
2010-05-04,42.15,-69.85,Visual,1,Spring,,
2010-03-10,42.15,-70.14,Visual,1,Spring,,
2010-04-20,42.15,-69.74,Visual,1,Spring,,
2010-04-20,42.14,-69.76,Visual,1,Spring,,
2010-05-01,42.14,-68.61,Visual,1,Spring,,
2010-04-02,42.14,-70.15,Visual,1,Spring,,
2010-04-02,42.14,-70.32,Visual,1,Spring,,
2010-03-08,42.14,-70.02,Visual,1,Spring,,
2010-04-20,42.14,-69.74,Visual,1,Spring,,
2010-04-20,42.13,-69.76,Visual,1,Spring,,
2010-03-08,42.12,-70.11,Visual,1,Spring,,
2010-03-08,42.12,-70.04,Visual,1,Spring,,
2010-03-08,42.12,-70.13,Visual,1,Spring,,
2010-04-23,42.11,-69.26,Visual,1,Spring,,
2010-03-21,42.11,-70.2,Visual,1,Spring,,
2010-04-20,42.1,-69.77,Visual,1,Spring,,
2010-05-01,42.09,-69.67,Visual,1,Spring,,
2010-06-08,42.09,-67.84,Visual,1,Summer,,
2010-03-21,42.08,-70.26,Visual,1,Spring,,
2010-04-12,42.08,-70.41,Visual,1,Spring,,
2010-04-18,42.08,-70.42,Visual,1,Spring,,
2010-04-12,42.07,-70.41,Visual,1,Spring,,
2010-04-13,42.07,-70.26,Visual,1,Spring,,
2010-04-01,42.06,-70.29,Visual,1,Spring,,
2010-05-04,42.06,-69.78,Visual,1,Spring,,
2010-03-02,42.04,-70.23,Visual,1,Spring,,
2010-04-12,42.04,-70.34,Visual,1,Spring,,
2010-04-03,42.04,-70.16,Visual,1,Spring,,
2010-04-05,42.03,-70.15,Visual,1,Spring,,
2010-03-21,42.03,-70.23,Visual,1,Spring,,
2010-03-10,42.03,-70.21,Visual,1,Spring,,
2010-04-05,42.03,-70.17,Visual,1,Spring,,
2010-03-02,42.03,-70.21,Visual,1,Spring,,
2010-02-28,42.02,-70.31,Visual,1,Winter,,
2010-03-08,42.02,-70.29,Visual,1,Spring,,
2010-04-18,42.02,-70.19,Visual,1,Spring,,
2010-04-12,42.02,-70.28,Visual,1,Spring,,
2010-04-05,42.01,-70.49,Visual,1,Spring,,
2010-04-13,42.0,-70.23,Visual,1,Spring,,
2010-04-01,42.0,-70.13,Visual,1,Spring,,
2010-04-18,42.0,-70.17,Visual,1,Spring,,
2010-04-12,42.0,-70.29,Visual,1,Spring,,
2010-03-08,41.99,-69.91,Visual,1,Spring,,
2010-04-02,41.99,-70.19,Visual,1,Spring,,
2010-03-12,41.98,-69.88,Visual,1,Spring,,
2010-04-13,41.98,-70.21,Visual,1,Spring,,
2010-04-02,41.98,-70.24,Visual,1,Spring,,
2010-03-28,41.98,-70.12,Visual,1,Spring,,
2010-03-25,41.98,-70.13,Visual,1,Spring,,
2010-02-13,41.98,-70.23,Visual,1,Winter,,
2010-03-25,41.97,-70.12,Visual,1,Spring,,
2010-04-12,41.97,-70.24,Visual,1,Spring,,
2010-04-13,41.97,-70.29,Visual,1,Spring,,
2010-04-20,41.97,-70.18,Visual,1,Spring,,
2010-02-02,41.97,-70.22,Visual,1,Winter,,
2010-04-12,41.96,-70.23,Visual,1,Spring,,
2010-03-25,41.96,-70.13,Visual,1,Spring,,
2010-04-13,41.96,-70.22,Visual,1,Spring,,
2010-04-06,41.95,-70.2,Visual,1,Spring,,
2010-04-02,41.95,-70.17,Visual,1,Spring,,
2010-04-18,41.94,-70.55,Visual,1,Spring,,
2010-04-02,41.94,-70.22,Visual,1,Spring,,
2010-04-13,41.93,-70.29,Visual,1,Spring,,
2010-04-06,41.93,-70.17,Visual,1,Spring,,
2010-04-02,41.92,-70.25,Visual,1,Spring,,
2010-04-21,41.92,-70.14,Visual,1,Spring,,
2010-04-05,41.92,-70.12,Visual,1,Spring,,
2010-04-05,41.92,-70.22,Visual,1,Spring,,
2010-02-13,41.92,-70.24,Visual,1,Winter,,
2010-04-12,41.92,-70.17,Visual,1,Spring,,
2010-04-05,41.91,-70.28,Visual,1,Spring,,
2010-04-12,41.91,-70.17,Visual,1,Spring,,
2010-04-05,41.91,-70.26,Visual,1,Spring,,
2010-02-13,41.91,-70.23,Visual,1,Winter,,
2010-03-07,41.91,-69.27,Visual,1,Spring,,
2010-02-22,41.91,-70.21,Visual,1,Winter,,
2010-04-02,41.91,-70.24,Visual,1,Spring,,
2010-04-03,41.9,-69.92,Visual,1,Spring,,
2010-04-13,41.9,-70.24,Visual,1,Spring,,
2010-02-13,41.9,-70.14,Visual,1,Winter,,
2010-04-12,41.9,-70.16,Visual,1,Spring,,
2010-04-13,41.89,-70.22,Visual,1,Spring,,
2010-04-02,41.89,-70.31,Visual,1,Spring,,
2010-04-03,41.89,-69.77,Visual,1,Spring,,
2010-04-13,41.88,-70.46,Visual,1,Spring,,
2010-04-02,41.87,-70.35,Visual,1,Spring,,
2010-01-28,41.87,-70.2,Visual,1,Winter,,
2010-02-02,41.87,-70.24,Visual,1,Winter,,
2010-04-13,41.87,-70.25,Visual,1,Spring,,
2010-04-05,41.86,-70.14,Visual,1,Spring,,
2010-03-28,41.86,-70.35,Visual,1,Spring,,
2010-03-07,41.85,-70.19,Visual,1,Spring,,
2010-05-01,41.85,-69.56,Visual,1,Spring,,
2010-05-01,41.85,-69.59,Visual,1,Spring,,
2010-03-07,41.84,-70.2,Visual,1,Spring,,
2010-04-18,41.84,-70.23,Visual,1,Spring,,
2010-04-18,41.84,-70.18,Visual,1,Spring,,
2010-03-19,41.84,-70.34,Visual,1,Spring,,
2010-03-19,41.84,-70.38,Visual,1,Spring,,
2010-02-13,41.84,-70.42,Visual,1,Winter,,
2010-04-12,41.84,-70.18,Visual,1,Spring,,
2010-03-08,41.84,-69.81,Visual,1,Spring,,
2010-04-05,41.84,-70.44,Visual,1,Spring,,
2010-04-13,41.83,-70.21,Visual,1,Spring,,
2010-05-01,41.83,-69.6,Visual,1,Spring,,
2010-04-02,41.83,-70.25,Visual,1,Spring,,
2010-04-02,41.82,-70.24,Visual,1,Spring,,
2010-04-02,41.82,-70.42,Visual,1,Spring,,
2010-04-18,41.82,-70.15,Visual,1,Spring,,
2010-05-01,41.82,-69.66,Visual,1,Spring,,
2010-04-08,41.82,-70.34,Visual,1,Spring,,
2010-03-12,41.81,-70.31,Visual,1,Spring,,
2010-04-20,41.81,-70.53,Visual,1,Spring,,
2010-04-12,41.81,-70.21,Visual,1,Spring,,
2010-05-17,41.81,-69.7,Visual,1,Spring,,
2010-04-02,41.81,-70.29,Visual,1,Spring,,
2010-04-13,41.81,-70.17,Visual,1,Spring,,
2010-04-20,41.8,-70.52,Visual,1,Spring,,
2010-04-13,41.8,-70.2,Visual,1,Spring,,
2010-04-05,41.8,-70.42,Visual,1,Spring,,
2010-04-02,41.8,-70.22,Visual,1,Spring,,
2010-03-07,41.8,-70.17,Visual,1,Spring,,
2010-01-28,41.8,-70.25,Visual,1,Winter,,
2010-04-13,41.8,-70.22,Visual,1,Spring,,
2010-04-08,41.79,-70.31,Visual,1,Spring,,
2010-04-13,41.79,-70.22,Visual,1,Spring,,
2010-04-02,41.79,-70.25,Visual,1,Spring,,
2010-04-13,41.79,-70.21,Visual,1,Spring,,
2010-04-12,41.78,-70.2,Visual,1,Spring,,
2010-04-18,41.78,-70.19,Visual,1,Spring,,
2010-04-12,41.78,-70.19,Visual,1,Spring,,
2010-04-08,41.78,-70.36,Visual,1,Spring,,
2010-04-13,41.77,-70.21,Visual,1,Spring,,
2010-04-05,41.77,-70.36,Visual,1,Spring,,
2010-04-20,41.77,-70.38,Visual,1,Spring,,
2010-05-04,41.76,-69.52,Visual,1,Spring,,
2010-05-11,41.75,-69.6,Visual,1,Spring,,
2010-05-04,41.74,-69.55,Visual,1,Spring,,
2010-05-01,41.72,-69.52,Visual,1,Spring,,
2010-04-13,41.66,-69.35,Visual,1,Spring,,
2010-04-23,41.65,-69.29,Visual,1,Spring,,
2010-03-20,41.63,-69.57,Visual,1,Spring,,
2010-06-22,41.61,-69.49,Visual,1,Summer,,
2010-04-06,41.6,-69.57,Visual,1,Spring,,
2010-05-04,41.53,-69.27,Visual,1,Spring,,
2010-05-13,41.49,-68.86,Visual,1,Spring,,
2010-05-13,41.48,-68.92,Visual,1,Spring,,
2010-05-01,41.33,-71.68,Visual,1,Spring,,
2010-05-28,41.28,-69.09,Visual,1,Spring,,
2010-01-07,41.2,-72.31,Visual,1,Winter,,
2010-03-07,41.2,-70.15,Visual,1,Spring,,
2010-03-02,41.1,-69.79,Visual,1,Spring,,
2010-04-20,41.09,-71.07,Visual,1,Spring,,
2010-04-20,41.06,-71.29,Visual,1,Spring,,
2010-07-17,41.05,-71.83,Visual,1,Summer,,
2010-05-18,40.67,-69.14,Visual,1,Spring,,
2010-01-16,39.45,-74.19,Visual,1,Winter,,
2010-06-27,38.9,-74.1,Visual,1,Summer,,
2010-03-08,37.32,-75.55,Visual,1,Spring,,
2009-10-27,43.01,-70.14,Visual,1,Fall,,
2009-10-27,42.97,-70.15,Visual,1,Fall,,
2009-10-26,43.06,-70.11,Visual,1,Fall,,
2009-10-26,43.0,-70.15,Visual,1,Fall,,
2009-10-26,42.91,-70.26,Visual,1,Fall,,
2009-10-26,43.07,-69.15,Visual,1,Fall,,
2009-10-26,43.07,-68.92,Visual,1,Fall,,
2009-10-26,42.93,-69.0,Visual,1,Fall,,
2009-10-26,42.68,-69.13,Visual,1,Fall,,
2009-10-26,42.58,-69.13,Visual,1,Fall,,
2009-10-21,42.92,-70.2,Visual,1,Fall,,
2009-10-21,42.93,-70.21,Visual,1,Fall,,
2009-10-21,43.71,-68.11,Visual,1,Fall,,
2009-10-21,43.47,-68.53,Visual,1,Fall,,
2009-10-21,43.45,-68.53,Visual,1,Fall,,
2009-10-21,43.19,-68.83,Visual,1,Fall,,
2009-10-12,42.92,-70.2,Visual,1,Fall,,
2009-10-12,42.96,-70.27,Visual,1,Fall,,
2009-10-11,42.98,-70.26,Visual,1,Fall,,
2009-10-09,42.95,-70.33,Visual,1,Fall,,
2009-09-26,44.74,-66.45,Visual,1,Fall,,
2009-09-24,44.71,-66.44,Visual,1,Fall,,
2009-09-26,42.04,-70.17,Visual,1,Fall,,
2009-09-21,44.68,-66.38,Visual,1,Fall,,
2009-09-21,44.65,-66.51,Visual,1,Fall,,
2009-09-17,44.69,-66.47,Visual,1,Fall,,
2009-09-17,44.43,-66.4,Visual,1,Fall,,
2009-09-15,44.64,-66.43,Visual,1,Fall,,
2009-09-12,44.68,-66.41,Visual,1,Fall,,
2009-09-11,44.67,-66.3,Visual,1,Fall,,
2009-09-11,44.66,-66.43,Visual,1,Fall,,
2009-09-10,44.7,-66.57,Visual,1,Fall,,
2009-09-10,44.65,-66.39,Visual,1,Fall,,
2009-09-08,44.65,-66.48,Visual,1,Fall,,
2009-09-07,44.46,-66.48,Visual,1,Fall,,
2009-09-07,43.02,-70.05,Visual,1,Fall,,
2009-09-03,42.95,-65.72,Visual,1,Fall,,
2009-09-02,42.87,-65.44,Visual,1,Fall,,
2009-09-01,42.9,-65.5,Visual,1,Fall,,
2009-09-04,44.94,-66.68,Visual,1,Fall,,
2009-09-02,44.93,-66.36,Visual,1,Fall,,
2009-09-02,44.82,-66.68,Visual,1,Fall,,
2009-09-01,44.54,-66.57,Visual,1,Fall,,
2009-09-01,44.94,-66.64,Visual,1,Fall,,
2009-09-01,44.97,-66.8,Visual,1,Fall,,
2009-09-01,42.81,-69.32,Visual,1,Fall,,
2009-09-01,42.86,-69.25,Visual,1,Fall,,
2009-09-01,42.87,-69.24,Visual,1,Fall,,
2009-08-28,42.92,-65.31,Visual,1,Summer,,
2009-08-27,42.94,-65.11,Visual,1,Summer,,
2009-08-28,44.62,-66.48,Visual,1,Summer,,
2009-08-28,44.93,-66.67,Visual,1,Summer,,
2009-08-28,44.97,-66.83,Visual,1,Summer,,
2009-08-27,44.92,-66.73,Visual,1,Summer,,
2009-08-25,44.99,-66.85,Visual,1,Summer,,
2009-08-20,44.67,-66.53,Visual,1,Summer,,
2009-08-20,44.77,-66.71,Visual,1,Summer,,
2009-08-16,44.67,-66.56,Visual,1,Summer,,
2009-08-14,44.63,-66.55,Visual,1,Summer,,
2009-08-19,38.65,-73.69,Visual,1,Summer,,
2009-08-17,42.88,-65.18,Visual,1,Summer,,
2009-08-17,42.87,-65.26,Visual,1,Summer,,
2009-08-17,42.98,-65.09,Visual,1,Summer,,
2009-08-09,42.06,-67.65,Visual,1,Summer,,
2009-08-03,42.18,-67.4,Visual,1,Summer,,
2009-08-12,44.49,-66.51,Visual,1,Summer,,
2009-08-12,44.66,-66.54,Visual,1,Summer,,
2009-08-07,44.6,-66.54,Visual,1,Summer,,
2009-08-07,44.43,-66.49,Visual,1,Summer,,
2009-08-04,44.56,-66.55,Visual,1,Summer,,
2009-08-01,43.34,-68.38,Visual,1,Summer,,
2009-07-18,40.68,-69.9,Visual,1,Summer,,
2009-07-21,42.07,-70.25,Visual,1,Summer,,
2009-07-20,42.68,-68.84,Visual,1,Summer,,
2009-07-20,41.69,-68.88,Visual,1,Summer,,
2009-07-20,41.79,-68.85,Visual,1,Summer,,
2009-07-15,44.67,-66.43,Visual,1,Summer,,
2009-07-14,41.91,-68.77,Visual,1,Summer,,
2009-07-14,42.21,-68.95,Visual,1,Summer,,
2009-07-14,42.12,-65.92,Visual,1,Summer,,
2009-07-13,41.24,-69.51,Visual,1,Summer,,
2009-07-11,42.32,-68.72,Visual,1,Summer,,
2009-07-11,42.38,-68.35,Visual,1,Summer,,
2009-07-11,42.42,-68.55,Visual,1,Summer,,
2009-07-11,42.42,-68.98,Visual,1,Summer,,
2009-07-11,42.25,-68.98,Visual,1,Summer,,
2009-07-07,42.5,-68.83,Visual,1,Summer,,
2009-07-06,41.42,-68.9,Visual,1,Summer,,
2009-07-06,41.63,-68.63,Visual,1,Summer,,
2009-07-05,41.73,-68.48,Visual,1,Summer,,
2009-07-05,41.6,-68.67,Visual,1,Summer,,
2009-07-04,42.22,-67.67,Visual,1,Summer,,
2009-07-07,42.24,-69.14,Visual,1,Summer,,
2009-07-06,43.0,-69.07,Visual,1,Summer,,
2009-07-06,42.97,-69.52,Visual,1,Summer,,
2009-07-05,43.0,-69.43,Visual,1,Summer,,
2009-03-27,38.44,-74.26,Visual,1,Spring,,
2009-06-26,43.99,-67.24,Visual,1,Summer,,
2009-06-17,41.92,-68.3,Visual,1,Summer,,
2009-06-17,42.03,-67.54,Visual,1,Summer,,
2009-06-17,42.18,-67.48,Visual,1,Summer,,
2009-06-17,42.08,-67.72,Visual,1,Summer,,
2009-06-17,41.95,-68.7,Visual,1,Summer,,
2009-06-16,41.92,-68.93,Visual,1,Summer,,
2009-06-16,42.37,-68.87,Visual,1,Summer,,
2009-06-16,42.26,-69.1,Visual,1,Summer,,
2009-06-16,42.0,-68.02,Visual,1,Summer,,
2009-06-13,42.78,-69.52,Visual,1,Summer,,
2009-06-09,41.32,-69.27,Visual,1,Summer,,
2009-06-08,41.5,-68.77,Visual,1,Summer,,
2009-06-08,41.45,-68.87,Visual,1,Summer,,
2009-06-08,41.48,-68.97,Visual,1,Summer,,
2009-06-05,43.2,-69.02,Visual,1,Summer,,
2009-06-05,41.44,-68.77,Visual,1,Summer,,
2009-06-02,42.89,-69.42,Visual,1,Summer,,
2009-05-31,42.57,-69.01,Visual,1,Spring,,
2009-05-31,42.94,-69.14,Visual,1,Spring,,
2009-05-31,42.68,-69.41,Visual,1,Spring,,
2009-05-27,42.34,-70.18,Visual,1,Spring,,
2009-05-26,42.28,-68.24,Visual,1,Spring,,
2009-05-26,42.45,-68.3,Visual,1,Spring,,
2009-05-26,42.27,-68.38,Visual,1,Spring,,
2009-05-26,42.42,-68.68,Visual,1,Spring,,
2009-05-21,40.11,-74.02,Visual,1,Spring,,
2009-05-20,42.32,-68.88,Visual,1,Spring,,
2009-05-20,42.33,-68.85,Visual,1,Spring,,
2009-05-20,42.3,-68.83,Visual,1,Spring,,
2009-05-20,42.28,-68.78,Visual,1,Spring,,
2009-05-20,42.3,-68.82,Visual,1,Spring,,
2009-05-20,42.37,-68.82,Visual,1,Spring,,
2009-05-20,42.35,-69.82,Visual,1,Spring,,
2009-05-19,41.25,-69.08,Visual,1,Spring,,
2009-05-19,41.21,-69.07,Visual,1,Spring,,
2009-05-19,41.25,-68.95,Visual,1,Spring,,
2009-05-19,41.28,-68.88,Visual,1,Spring,,
2009-05-19,41.28,-69.6,Visual,1,Spring,,
2009-05-19,41.35,-69.14,Visual,1,Spring,,
2009-05-04,43.19,-68.32,Visual,1,Spring,,
2009-05-13,42.32,-68.37,Visual,1,Spring,,
2009-05-12,43.36,-68.69,Visual,1,Spring,,
2009-05-12,42.73,-69.05,Visual,1,Spring,,
2009-05-12,42.55,-68.92,Visual,1,Spring,,
2009-05-11,41.26,-69.03,Visual,1,Spring,,
2009-05-11,41.22,-69.17,Visual,1,Spring,,
2009-05-11,41.31,-69.31,Visual,1,Spring,,
2009-05-11,41.33,-69.27,Visual,1,Spring,,
2009-05-11,41.33,-69.21,Visual,1,Spring,,
2009-05-11,41.42,-69.29,Visual,1,Spring,,
2009-05-11,41.4,-69.31,Visual,1,Spring,,
2009-05-11,41.37,-69.32,Visual,1,Spring,,
2009-05-11,41.34,-69.3,Visual,1,Spring,,
2009-05-11,41.35,-69.25,Visual,1,Spring,,
2009-05-06,42.49,-69.4,Visual,1,Spring,,
2009-05-04,41.49,-69.18,Visual,1,Spring,,
2009-05-04,41.49,-69.38,Visual,1,Spring,,
2009-05-04,41.83,-69.77,Visual,1,Spring,,
2009-05-04,42.09,-70.21,Visual,1,Spring,,
2009-05-04,42.07,-70.25,Visual,1,Spring,,
2009-05-04,42.06,-70.25,Visual,1,Spring,,
2009-05-03,41.39,-69.22,Visual,1,Spring,,
2009-05-03,41.29,-69.17,Visual,1,Spring,,
2009-05-04,42.05,-70.24,Visual,1,Spring,,
2009-05-04,42.06,-70.26,Visual,1,Spring,,
2009-05-04,42.07,-70.27,Visual,1,Spring,,
2009-05-04,42.09,-70.24,Visual,1,Spring,,
2009-05-03,42.08,-70.28,Visual,1,Spring,,
2009-05-03,42.1,-70.25,Visual,1,Spring,,
2009-05-02,42.07,-70.25,Visual,1,Spring,,
2009-05-02,42.08,-70.26,Visual,1,Spring,,
2009-05-02,42.07,-70.27,Visual,1,Spring,,
2009-05-02,42.07,-70.3,Visual,1,Spring,,
2009-04-30,42.03,-70.31,Visual,1,Spring,,
2009-04-28,42.0,-70.23,Visual,1,Spring,,
2009-04-28,42.0,-70.33,Visual,1,Spring,,
2009-04-28,42.05,-70.29,Visual,1,Spring,,
2009-04-27,42.03,-70.37,Visual,1,Spring,,
2009-04-27,42.01,-70.29,Visual,1,Spring,,
2009-04-27,42.0,-70.27,Visual,1,Spring,,
2009-04-26,42.0,-70.36,Visual,1,Spring,,
2009-04-26,41.85,-70.21,Visual,1,Spring,,
2009-04-26,42.02,-70.19,Visual,1,Spring,,
2009-04-26,42.04,-70.28,Visual,1,Spring,,
2009-04-26,42.03,-70.22,Visual,1,Spring,,
2009-04-25,42.04,-70.18,Visual,1,Spring,,
2009-04-25,42.03,-70.3,Visual,1,Spring,,
2009-04-25,41.81,-70.3,Visual,1,Spring,,
2009-04-24,41.94,-70.26,Visual,1,Spring,,
2009-04-24,41.88,-70.22,Visual,1,Spring,,
2009-04-24,42.12,-70.29,Visual,1,Spring,,
2009-04-24,42.15,-70.35,Visual,1,Spring,,
2009-04-22,42.06,-70.25,Visual,1,Spring,,
2009-04-22,42.17,-70.34,Visual,1,Spring,,
2009-04-22,42.15,-70.32,Visual,1,Spring,,
2009-04-22,42.05,-70.24,Visual,1,Spring,,
2009-04-20,42.06,-70.25,Visual,1,Spring,,
2009-04-20,42.02,-70.22,Visual,1,Spring,,
2009-04-20,42.02,-70.17,Visual,1,Spring,,
2009-04-18,42.15,-70.32,Visual,1,Spring,,
2009-04-18,42.16,-70.28,Visual,1,Spring,,
2009-04-19,42.02,-70.45,Visual,1,Spring,,
2009-04-19,42.2,-70.55,Visual,1,Spring,,
2009-04-18,42.04,-70.24,Visual,1,Spring,,
2009-04-18,42.06,-70.27,Visual,1,Spring,,
2009-04-18,42.09,-70.28,Visual,1,Spring,,
2009-04-18,42.14,-70.32,Visual,1,Spring,,
2009-04-18,42.07,-70.16,Visual,1,Spring,,
2009-04-18,42.08,-70.24,Visual,1,Spring,,
2009-04-18,41.62,-69.58,Visual,1,Spring,,
2009-04-17,41.8,-70.34,Visual,1,Spring,,
2009-04-17,41.79,-70.33,Visual,1,Spring,,
2009-04-17,41.8,-70.32,Visual,1,Spring,,
2009-04-17,41.81,-70.34,Visual,1,Spring,,
2009-04-17,41.83,-70.35,Visual,1,Spring,,
2009-04-17,41.88,-70.35,Visual,1,Spring,,
2009-04-17,41.91,-70.33,Visual,1,Spring,,
2009-04-17,41.88,-70.36,Visual,1,Spring,,
2009-04-17,41.87,-70.36,Visual,1,Spring,,
2009-04-17,41.99,-70.23,Visual,1,Spring,,
2009-04-17,41.89,-70.28,Visual,1,Spring,,
2009-04-17,41.81,-70.35,Visual,1,Spring,,
2009-04-17,41.12,-69.18,Visual,1,Spring,,
2009-04-17,41.37,-68.62,Visual,1,Spring,,
2009-04-17,41.38,-68.27,Visual,1,Spring,,
2009-04-17,41.72,-68.58,Visual,1,Spring,,
2009-04-14,41.81,-70.32,Visual,1,Spring,,
2009-04-14,41.8,-70.32,Visual,1,Spring,,
2009-04-14,41.83,-70.31,Visual,1,Spring,,
2009-04-14,41.85,-70.25,Visual,1,Spring,,
2009-04-14,41.86,-70.25,Visual,1,Spring,,
2009-04-14,41.89,-70.15,Visual,1,Spring,,
2009-04-14,41.85,-70.2,Visual,1,Spring,,
2009-04-14,41.85,-70.19,Visual,1,Spring,,
2009-04-14,41.86,-70.19,Visual,1,Spring,,
2009-04-14,41.87,-70.18,Visual,1,Spring,,
2009-04-14,41.89,-70.2,Visual,1,Spring,,
2009-04-14,41.9,-70.14,Visual,1,Spring,,
2009-04-14,41.97,-70.38,Visual,1,Spring,,
2009-04-14,42.05,-70.39,Visual,1,Spring,,
2009-04-14,42.02,-70.17,Visual,1,Spring,,
2009-04-14,42.14,-70.39,Visual,1,Spring,,
2009-04-14,42.13,-70.33,Visual,1,Spring,,
2009-04-14,42.11,-70.3,Visual,1,Spring,,
2009-04-14,42.08,-70.26,Visual,1,Spring,,
2009-04-14,42.09,-70.28,Visual,1,Spring,,
2009-04-14,42.08,-70.28,Visual,1,Spring,,
2009-04-14,42.07,-70.25,Visual,1,Spring,,
2009-04-14,41.87,-70.24,Visual,1,Spring,,
2009-04-14,42.93,-70.14,Visual,1,Spring,,
2009-04-14,42.03,-70.29,Visual,1,Spring,,
2009-04-10,41.98,-70.15,Visual,1,Spring,,
2009-04-10,41.86,-70.2,Visual,1,Spring,,
2009-04-10,41.87,-70.41,Visual,1,Spring,,
2009-04-10,41.91,-70.41,Visual,1,Spring,,
2009-04-10,41.92,-70.34,Visual,1,Spring,,
2009-04-10,41.93,-70.23,Visual,1,Spring,,
2009-04-10,41.97,-70.11,Visual,1,Spring,,
2009-04-10,41.97,-70.13,Visual,1,Spring,,
2009-04-10,41.98,-70.43,Visual,1,Spring,,
2009-04-10,41.92,-70.39,Visual,1,Spring,,
2009-04-10,41.5,-67.55,Visual,1,Spring,,
2009-04-10,42.18,-70.39,Visual,1,Spring,,
2009-04-09,41.95,-70.38,Visual,1,Spring,,
2009-04-09,42.31,-70.49,Visual,1,Spring,,
2009-04-09,41.93,-70.17,Visual,1,Spring,,
2009-04-09,41.86,-70.18,Visual,1,Spring,,
2009-04-09,42.07,-69.77,Visual,1,Spring,,
2009-04-09,42.14,-70.5,Visual,1,Spring,,
2009-04-08,42.12,-70.3,Visual,1,Spring,,
2009-04-01,41.89,-70.19,Visual,1,Spring,,
2009-04-01,41.96,-70.42,Visual,1,Spring,,
2009-04-01,41.86,-70.45,Visual,1,Spring,,
2009-04-01,41.9,-70.19,Visual,1,Spring,,
2009-04-01,41.8,-69.6,Visual,1,Spring,,
2009-03-30,41.86,-70.3,Visual,1,Spring,,
2009-03-29,41.92,-70.37,Visual,1,Spring,,
2009-03-26,42.0,-70.38,Visual,1,Spring,,
2009-03-26,41.97,-70.23,Visual,1,Spring,,
2009-03-26,41.88,-70.18,Visual,1,Spring,,
2009-03-19,42.15,-70.08,Visual,1,Spring,,
2009-03-17,41.84,-70.35,Visual,1,Spring,,
2009-03-17,41.79,-70.19,Visual,1,Spring,,
2009-03-17,41.82,-70.12,Visual,1,Spring,,
2009-03-17,41.89,-70.13,Visual,1,Spring,,
2009-03-17,41.88,-70.26,Visual,1,Spring,,
2009-03-17,41.9,-70.39,Visual,1,Spring,,
2009-03-17,41.91,-70.17,Visual,1,Spring,,
2009-03-17,41.92,-70.34,Visual,1,Spring,,
2009-03-17,41.96,-70.41,Visual,1,Spring,,
2009-03-17,41.96,-70.34,Visual,1,Spring,,
2009-03-17,41.99,-70.51,Visual,1,Spring,,
2009-03-17,42.02,-70.35,Visual,1,Spring,,
2009-03-17,42.01,-70.22,Visual,1,Spring,,
2009-03-17,42.05,-70.28,Visual,1,Spring,,
2009-03-17,42.09,-70.23,Visual,1,Spring,,
2009-03-15,42.33,-70.33,Visual,1,Spring,,
2009-03-15,41.98,-70.39,Visual,1,Spring,,
2009-03-15,41.94,-70.37,Visual,1,Spring,,
2009-03-15,41.95,-70.28,Visual,1,Spring,,
2009-03-15,41.91,-70.41,Visual,1,Spring,,
2009-03-15,41.87,-70.35,Visual,1,Spring,,
2009-03-15,41.89,-70.15,Visual,1,Spring,,
2009-03-15,41.85,-70.19,Visual,1,Spring,,
2009-03-15,41.85,-70.18,Visual,1,Spring,,
2009-03-15,41.86,-70.29,Visual,1,Spring,,
2009-03-15,41.85,-70.26,Visual,1,Spring,,
2009-03-15,41.8,-70.19,Visual,1,Spring,,
2009-03-15,41.78,-70.33,Visual,1,Spring,,
2009-03-15,41.81,-70.22,Visual,1,Spring,,
2009-03-15,42.41,-70.54,Visual,1,Spring,,
2009-03-14,41.75,-69.65,Visual,1,Spring,,
2009-03-13,41.42,-67.5,Visual,1,Spring,,
2009-03-13,41.42,-67.27,Visual,1,Spring,,
2009-03-10,41.93,-70.28,Visual,1,Spring,,
2009-03-10,41.87,-70.21,Visual,1,Spring,,
2009-03-10,41.89,-70.34,Visual,1,Spring,,
2009-03-10,41.79,-70.29,Visual,1,Spring,,
2009-03-10,41.78,-70.38,Visual,1,Spring,,
2009-03-10,41.78,-70.27,Visual,1,Spring,,
2009-03-10,41.97,-69.84,Visual,1,Spring,,
2009-03-10,42.17,-70.06,Visual,1,Spring,,
2009-03-10,41.87,-70.06,Visual,1,Spring,,
2009-03-05,42.68,-70.09,Visual,1,Spring,,
2009-02-26,41.46,-69.48,Visual,1,Winter,,
2009-02-26,41.79,-70.04,Visual,1,Winter,,
2009-02-26,41.35,-69.08,Visual,1,Winter,,
2009-02-25,41.89,-70.26,Visual,1,Winter,,
2009-02-25,41.93,-70.2,Visual,1,Winter,,
2009-02-25,41.99,-70.27,Visual,1,Winter,,
2009-02-25,42.01,-70.2,Visual,1,Winter,,
2009-02-25,41.46,-68.75,Visual,1,Winter,,
2009-02-25,41.51,-69.34,Visual,1,Winter,,
2009-02-25,36.85,-75.97,Visual,1,Winter,,
2009-02-25,40.38,-73.78,Visual,1,Winter,,
2009-02-10,40.79,-72.48,Visual,1,Winter,,
2009-02-22,41.99,-70.16,Visual,1,Winter,,
2009-02-22,41.9,-70.12,Visual,1,Winter,,
2009-02-22,41.83,-70.09,Visual,1,Winter,,
2009-02-18,41.93,-70.23,Visual,1,Winter,,
2009-02-18,42.24,-70.13,Visual,1,Winter,,
2009-02-16,41.86,-70.23,Visual,1,Winter,,
2009-02-11,41.97,-70.28,Visual,1,Winter,,
2009-02-11,42.13,-70.25,Visual,1,Winter,,
2009-02-10,42.98,-70.17,Visual,1,Winter,,
2009-02-10,42.62,-69.97,Visual,1,Winter,,
2009-02-10,41.65,-69.62,Visual,1,Winter,,
2009-02-09,41.41,-71.06,Visual,1,Winter,,
2009-02-04,45.06,-66.44,Visual,1,Winter,,
2009-02-02,42.56,-69.91,Visual,1,Winter,,
2009-02-02,41.86,-70.25,Visual,1,Winter,,
2009-02-02,42.03,-69.7,Visual,1,Winter,,
2009-01-30,41.82,-70.32,Visual,1,Winter,,
2009-01-30,42.56,-69.97,Visual,1,Winter,,
2009-01-30,42.46,-70.0,Visual,1,Winter,,
2009-01-27,41.6,-69.71,Visual,1,Winter,,
2009-01-26,41.9,-70.13,Visual,1,Winter,,
2009-01-26,42.97,-70.18,Visual,1,Winter,,
2009-01-26,42.55,-69.95,Visual,1,Winter,,
2009-01-10,43.03,-70.23,Visual,1,Winter,,
2009-01-13,42.1,-70.13,Visual,1,Winter,,
2009-01-10,43.03,-70.25,Visual,1,Winter,,
2009-01-11,39.79,-73.99,Visual,1,Winter,,
2009-01-10,39.68,-73.87,Visual,1,Winter,,
2009-01-09,36.69,-75.87,Visual,1,Winter,,
2009-01-04,37.58,-75.58,Visual,1,Winter,,
2008-12-23,40.1,-73.98,Visual,1,Winter,,
2008-12-17,37.86,-75.08,Visual,1,Winter,,
2008-12-14,41.92,-69.95,Visual,1,Winter,,
2008-12-14,43.45,-68.47,Visual,1,Winter,,
2008-12-14,43.33,-68.37,Visual,1,Winter,,
2008-12-14,44.78,-66.35,Visual,1,Winter,,
2008-12-06,42.95,-69.23,Visual,1,Winter,,
2008-12-06,43.17,-70.08,Visual,1,Winter,,
2008-12-06,43.0,-70.15,Visual,1,Winter,,
2008-12-03,41.73,-70.62,Visual,1,Winter,,
2008-12-03,44.68,-66.63,Visual,1,Winter,,
2008-12-03,42.85,-70.2,Visual,1,Winter,,
2008-12-03,43.08,-70.15,Visual,1,Winter,,
2008-12-03,43.45,-68.33,Visual,1,Winter,,
2008-12-03,43.35,-68.53,Visual,1,Winter,,
2008-12-03,43.18,-68.67,Visual,1,Winter,,
2008-11-30,42.97,-70.18,Visual,1,Fall,,
2008-11-29,41.82,-70.5,Visual,1,Fall,,
2008-11-24,42.93,-70.28,Visual,1,Fall,,
2008-11-24,43.1,-70.22,Visual,1,Fall,,
2008-11-21,42.35,-69.95,Visual,1,Fall,,
2008-11-21,42.98,-70.2,Visual,1,Fall,,
2008-11-17,38.85,-74.6,Visual,1,Fall,,
2008-11-13,43.52,-68.23,Visual,1,Fall,,
2008-11-13,43.33,-68.4,Visual,1,Fall,,
2008-11-13,42.0,-70.05,Visual,1,Fall,,
2008-11-13,43.34,-70.13,Visual,1,Fall,,
2008-11-12,43.02,-70.13,Visual,1,Fall,,
2008-11-04,42.9,-70.25,Visual,1,Fall,,
2008-11-04,43.38,-68.47,Visual,1,Fall,,
2008-11-03,43.1,-70.16,Visual,1,Fall,,
2008-11-01,44.8,-66.8,Visual,1,Fall,,
2008-11-01,44.8,-66.5,Visual,1,Fall,,
2008-10-31,43.0,-70.18,Visual,1,Fall,,
2008-10-18,44.82,-66.6,Visual,1,Fall,,
2008-10-18,44.67,-66.33,Visual,1,Fall,,
2008-10-18,44.67,-66.55,Visual,1,Fall,,
2008-10-24,44.7,-66.3,Visual,1,Fall,,
2008-10-24,44.75,-66.62,Visual,1,Fall,,
2008-10-24,43.35,-68.29,Visual,1,Fall,,
2008-10-21,43.0,-70.17,Visual,1,Fall,,
2008-10-21,42.92,-70.24,Visual,1,Fall,,
2008-10-21,43.05,-70.12,Visual,1,Fall,,
2008-10-17,44.12,-67.78,Visual,1,Fall,,
2008-10-12,44.6,-66.62,Visual,1,Fall,,
2008-10-12,40.84,-70.48,Visual,1,Fall,,
2008-10-12,42.8,-70.29,Visual,1,Fall,,
2008-10-11,43.02,-69.29,Visual,1,Fall,,
2008-10-11,42.92,-69.33,Visual,1,Fall,,
2008-10-11,42.84,-70.32,Visual,1,Fall,,
2008-10-10,42.87,-70.43,Visual,1,Fall,,
2008-10-08,42.81,-70.42,Visual,1,Fall,,
2008-10-08,43.27,-68.68,Visual,1,Fall,,
2008-10-05,43.01,-69.97,Visual,1,Fall,,
2008-10-05,42.84,-70.47,Visual,1,Fall,,
2008-10-01,42.84,-70.41,Visual,1,Fall,,
2008-09-29,44.6,-66.55,Visual,1,Fall,,
2008-09-24,42.7,-70.16,Visual,1,Fall,,
2008-09-21,42.88,-70.32,Visual,1,Fall,,
2008-09-20,42.33,-70.56,Visual,1,Fall,,
2008-09-15,44.58,-66.43,Visual,1,Fall,,
2008-09-10,43.33,-66.37,Visual,1,Fall,,
2008-09-03,44.65,-66.46,Visual,1,Fall,,
2008-08-31,42.25,-68.15,Visual,1,Summer,,
2008-08-27,41.29,-71.84,Visual,1,Summer,,
2008-08-23,43.18,-69.85,Visual,1,Summer,,
2008-08-22,41.22,-71.97,Visual,1,Summer,,
2008-08-21,44.68,-66.44,Visual,1,Summer,,
2008-08-21,44.55,-66.33,Visual,1,Summer,,
2008-08-20,44.58,-66.37,Visual,1,Summer,,
2008-08-17,41.48,-69.48,Visual,1,Summer,,
2008-08-08,42.07,-69.99,Visual,1,Summer,,
2008-08-06,44.62,-66.43,Visual,1,Summer,,
2008-08-07,44.37,-63.4,Visual,1,Summer,,
2008-08-05,41.9,-68.28,Visual,1,Summer,,
2008-08-04,41.73,-69.7,Visual,1,Summer,,
2008-08-04,41.73,-69.67,Visual,1,Summer,,
2008-07-30,42.28,-66.88,Visual,1,Summer,,
2008-07-30,42.35,-66.4,Visual,1,Summer,,
2008-07-30,42.22,-66.63,Visual,1,Summer,,
2008-07-30,42.12,-66.87,Visual,1,Summer,,
2008-07-29,42.17,-67.07,Visual,1,Summer,,
2008-07-29,42.17,-66.87,Visual,1,Summer,,
2008-07-29,42.13,-67.23,Visual,1,Summer,,
2008-07-29,42.31,-67.34,Visual,1,Summer,,
2008-07-28,44.68,-66.42,Visual,1,Summer,,
2008-07-26,42.15,-67.33,Visual,1,Summer,,
2008-07-26,42.1,-67.63,Visual,1,Summer,,
2008-07-25,40.55,-70.37,Visual,1,Summer,,
2008-07-18,42.22,-68.16,Visual,1,Summer,,
2008-07-13,41.98,-67.99,Visual,1,Summer,,
2008-07-16,42.0,-68.7,Visual,1,Summer,,
2008-07-15,42.3,-70.32,Visual,1,Summer,,
2008-07-12,41.65,-68.87,Visual,1,Summer,,
2008-07-11,42.27,-66.1,Visual,1,Summer,,
2008-07-11,42.32,-66.42,Visual,1,Summer,,
2008-07-11,42.35,-66.9,Visual,1,Summer,,
2008-07-10,42.02,-70.15,Visual,1,Summer,,
2008-07-10,41.92,-68.3,Visual,1,Summer,,
2008-07-10,42.02,-68.18,Visual,1,Summer,,
2008-07-10,41.93,-68.13,Visual,1,Summer,,
2008-06-27,42.0,-65.93,Visual,1,Summer,,
2008-06-25,41.68,-68.9,Visual,1,Summer,,
2008-06-25,41.65,-68.45,Visual,1,Summer,,
2008-06-25,41.77,-68.38,Visual,1,Summer,,
2008-06-20,42.17,-70.13,Visual,1,Summer,,
2008-06-18,42.2,-67.48,Visual,1,Summer,,
2008-06-18,41.2,-67.68,Visual,1,Summer,,
2008-06-18,41.92,-68.17,Visual,1,Summer,,
2008-06-18,41.98,-68.33,Visual,1,Summer,,
2008-06-13,41.18,-69.02,Visual,1,Summer,,
2008-06-13,41.42,-68.7,Visual,1,Summer,,
2008-06-13,41.52,-68.97,Visual,1,Summer,,
2008-06-13,41.65,-68.65,Visual,1,Summer,,
2008-06-11,38.33,-75.02,Visual,1,Summer,,
2008-06-11,41.78,-68.37,Visual,1,Summer,,
2008-06-11,42.13,-68.35,Visual,1,Summer,,
2008-06-11,41.95,-67.98,Visual,1,Summer,,
2008-06-11,42.12,-68.03,Visual,1,Summer,,
2008-06-11,42.03,-67.78,Visual,1,Summer,,
2008-06-11,42.22,-67.37,Visual,1,Summer,,
2008-06-09,42.08,-69.22,Visual,1,Summer,,
2008-06-04,36.82,-75.95,Visual,1,Summer,,
2008-06-04,37.33,-75.66,Visual,1,Summer,,
2008-06-02,42.07,-67.84,Visual,1,Summer,,
2008-05-30,41.38,-68.7,Visual,1,Spring,,
2008-05-30,41.28,-68.82,Visual,1,Spring,,
2008-05-30,41.67,-68.82,Visual,1,Spring,,
2008-05-30,41.52,-69.05,Visual,1,Spring,,
2008-05-30,41.4,-69.13,Visual,1,Spring,,
2008-05-29,41.68,-69.69,Visual,1,Spring,,
2008-05-25,41.25,-69.05,Visual,1,Spring,,
2008-05-25,41.37,-69.22,Visual,1,Spring,,
2008-05-23,41.45,-68.97,Visual,1,Spring,,
2008-05-23,41.43,-69.12,Visual,1,Spring,,
2008-05-23,41.33,-69.25,Visual,1,Spring,,
2008-05-22,41.3,-69.13,Visual,1,Spring,,
2008-05-22,41.27,-69.05,Visual,1,Spring,,
2008-05-22,41.3,-68.9,Visual,1,Spring,,
2008-05-22,41.5,-68.88,Visual,1,Spring,,
2008-05-22,41.52,-69.05,Visual,1,Spring,,
2008-05-21,42.29,-70.19,Visual,1,Spring,,
2008-05-21,42.3,-70.19,Visual,1,Spring,,
2008-05-21,41.38,-69.3,Visual,1,Spring,,
2008-05-21,41.32,-69.12,Visual,1,Spring,,
2008-05-20,41.88,-69.05,Visual,1,Spring,,
2008-05-16,42.78,-70.75,Visual,1,Spring,,
2008-05-19,41.88,-69.45,Visual,1,Spring,,
2008-05-19,38.28,-75.07,Visual,1,Spring,,
2008-05-15,42.37,-70.62,Visual,1,Spring,,
2008-05-15,41.9,-70.22,Visual,1,Spring,,
2008-05-10,39.22,-71.26,Visual,1,Spring,,
2008-05-07,41.32,-69.0,Visual,1,Spring,,
2008-05-07,41.27,-69.12,Visual,1,Spring,,
2008-05-07,41.38,-69.22,Visual,1,Spring,,
2008-05-07,41.5,-68.97,Visual,1,Spring,,
2008-05-06,41.75,-68.58,Visual,1,Spring,,
2008-05-04,42.04,-70.17,Visual,1,Spring,,
2008-05-01,41.93,-70.52,Visual,1,Spring,,
2008-05-01,41.85,-70.34,Visual,1,Spring,,
2008-05-01,42.06,-70.52,Visual,1,Spring,,
2008-05-01,42.09,-69.94,Visual,1,Spring,,
2008-05-01,41.83,-69.03,Visual,1,Spring,,
2008-05-01,41.83,-69.68,Visual,1,Spring,,
2008-04-30,42.02,-70.26,Visual,1,Spring,,
2008-04-30,42.06,-70.39,Visual,1,Spring,,
2008-04-29,41.79,-70.47,Visual,1,Spring,,
2008-04-28,41.91,-70.66,Visual,1,Spring,,
2008-04-27,42.0,-70.45,Visual,1,Spring,,
2008-04-27,42.1,-70.38,Visual,1,Spring,,
2008-04-27,41.78,-70.47,Visual,1,Spring,,
2008-04-25,41.95,-70.32,Visual,1,Spring,,
2008-04-25,41.53,-68.83,Visual,1,Spring,,
2008-04-25,41.77,-68.77,Visual,1,Spring,,
2008-04-25,41.55,-69.3,Visual,1,Spring,,
2008-04-25,41.83,-70.45,Visual,1,Spring,,
2008-04-24,41.06,-70.25,Visual,1,Spring,,
2008-04-24,41.97,-70.35,Visual,1,Spring,,
2008-04-24,39.47,-74.02,Visual,1,Spring,,
2008-04-24,42.2,-70.63,Visual,1,Spring,,
2008-04-24,41.98,-70.36,Visual,1,Spring,,
2008-04-24,42.05,-70.25,Visual,1,Spring,,
2008-04-24,42.03,-70.35,Visual,1,Spring,,
2008-04-23,41.8,-70.07,Visual,1,Spring,,
2008-04-23,41.85,-70.34,Visual,1,Spring,,
2008-04-23,42.01,-70.23,Visual,1,Spring,,
2008-04-23,42.18,-70.35,Visual,1,Spring,,
2008-04-23,42.02,-70.24,Visual,1,Spring,,
2008-04-23,41.03,-71.78,Visual,1,Spring,,
2008-04-22,42.04,-70.27,Visual,1,Spring,,
2008-04-22,42.06,-70.32,Visual,1,Spring,,
2008-04-22,42.02,-70.22,Visual,1,Spring,,
2008-04-22,42.19,-70.37,Visual,1,Spring,,
2008-04-21,42.14,-70.39,Visual,1,Spring,,
2008-04-21,42.14,-70.41,Visual,1,Spring,,
2008-04-21,41.82,-70.45,Visual,1,Spring,,
2008-04-21,41.92,-70.25,Visual,1,Spring,,
2008-04-21,41.97,-70.53,Visual,1,Spring,,
2008-04-21,42.03,-70.3,Visual,1,Spring,,
2008-04-20,42.15,-70.3,Visual,1,Spring,,
2008-04-20,42.07,-70.27,Visual,1,Spring,,
2008-04-20,42.06,-70.31,Visual,1,Spring,,
2008-04-20,42.06,-70.36,Visual,1,Spring,,
2008-04-19,42.06,-70.37,Visual,1,Spring,,
2008-04-19,42.05,-70.39,Visual,1,Spring,,
2008-04-19,42.02,-70.51,Visual,1,Spring,,
2008-04-19,41.98,-70.56,Visual,1,Spring,,
2008-04-19,42.02,-70.21,Visual,1,Spring,,
2008-04-19,41.93,-70.19,Visual,1,Spring,,
2008-04-19,42.01,-70.51,Visual,1,Spring,,
2008-04-19,42.08,-70.31,Visual,1,Spring,,
2008-04-19,41.99,-70.57,Visual,1,Spring,,
2008-04-18,42.08,-70.31,Visual,1,Spring,,
2008-04-17,42.08,-70.31,Visual,1,Spring,,
2008-04-17,41.82,-70.27,Visual,1,Spring,,
2008-04-17,41.96,-70.07,Visual,1,Spring,,
2008-04-17,41.96,-70.56,Visual,1,Spring,,
2008-04-17,42.09,-70.33,Visual,1,Spring,,
2008-04-17,42.09,-70.3,Visual,1,Spring,,
2008-04-16,42.12,-70.23,Visual,1,Spring,,
2008-04-16,41.91,-68.83,Visual,1,Spring,,
2008-04-16,42.0,-68.5,Visual,1,Spring,,
2008-04-16,41.94,-68.29,Visual,1,Spring,,
2008-04-16,42.06,-70.27,Visual,1,Spring,,
2008-04-16,42.66,-70.53,Visual,1,Spring,,
2008-04-15,42.13,-70.34,Visual,1,Spring,,
2008-04-15,42.09,-70.28,Visual,1,Spring,,
2008-04-15,42.05,-70.24,Visual,1,Spring,,
2008-04-15,42.02,-70.21,Visual,1,Spring,,
2008-04-15,41.95,-70.17,Visual,1,Spring,,
2008-04-15,41.82,-70.27,Visual,1,Spring,,
2008-04-14,41.93,-70.17,Visual,1,Spring,,
2008-04-14,42.02,-70.27,Visual,1,Spring,,
2008-04-14,42.12,-70.2,Visual,1,Spring,,
2008-04-14,42.09,-70.24,Visual,1,Spring,,
2008-04-14,42.09,-70.23,Visual,1,Spring,,
2008-04-13,42.04,-70.24,Visual,1,Spring,,
2008-04-13,41.8,-70.38,Visual,1,Spring,,
2008-04-13,42.2,-69.2,Visual,1,Spring,,
2008-04-12,42.03,-70.15,Visual,1,Spring,,
2008-04-12,42.04,-70.16,Visual,1,Spring,,
2008-04-12,41.8,-70.38,Visual,1,Spring,,
2008-04-11,41.59,-69.38,Visual,1,Spring,,
2008-04-11,41.85,-68.98,Visual,1,Spring,,
2008-04-11,41.86,-69.0,Visual,1,Spring,,
2008-04-11,41.79,-70.16,Visual,1,Spring,,
2008-04-11,41.85,-70.51,Visual,1,Spring,,
2008-04-10,42.05,-70.32,Visual,1,Spring,,
2008-04-09,42.02,-70.17,Visual,1,Spring,,
2008-04-09,42.0,-70.15,Visual,1,Spring,,
2008-04-09,42.05,-70.23,Visual,1,Spring,,
2008-04-09,41.87,-70.38,Visual,1,Spring,,
2008-04-09,41.37,-69.22,Visual,1,Spring,,
2008-04-09,42.17,-70.43,Visual,1,Spring,,
2008-04-09,41.9,-70.25,Visual,1,Spring,,
2008-04-09,41.87,-70.39,Visual,1,Spring,,
2008-04-09,41.85,-70.46,Visual,1,Spring,,
2008-04-09,41.89,-70.48,Visual,1,Spring,,
2008-04-08,42.35,-70.68,Visual,1,Spring,,
2008-04-08,41.91,-70.43,Visual,1,Spring,,
2008-04-08,41.88,-70.48,Visual,1,Spring,,
2008-04-08,41.85,-70.36,Visual,1,Spring,,
2008-04-08,41.84,-70.38,Visual,1,Spring,,
2008-04-08,41.83,-70.37,Visual,1,Spring,,
2008-04-08,41.83,-70.5,Visual,1,Spring,,
2008-04-08,42.15,-70.38,Visual,1,Spring,,
2008-04-08,42.4,-69.83,Visual,1,Spring,,
2008-04-08,42.25,-70.17,Visual,1,Spring,,
2008-04-08,42.15,-70.22,Visual,1,Spring,,
2008-04-08,41.74,-70.49,Visual,1,Spring,,
2008-04-07,42.08,-69.85,Visual,1,Spring,,
2008-04-07,42.15,-69.9,Visual,1,Spring,,
2008-04-07,42.23,-69.95,Visual,1,Spring,,
2008-04-06,42.3,-70.03,Visual,1,Spring,,
2008-04-07,42.39,-70.4,Visual,1,Spring,,
2008-04-05,42.35,-70.68,Visual,1,Spring,,
2008-04-02,42.32,-70.23,Visual,1,Spring,,
2008-04-01,42.33,-70.45,Visual,1,Spring,,
2008-04-01,42.35,-70.68,Visual,1,Spring,,
2008-03-31,42.32,-70.12,Visual,1,Spring,,
2008-03-31,42.33,-70.35,Visual,1,Spring,,
2008-03-30,42.32,-70.23,Visual,1,Spring,,
2008-03-30,42.02,-70.43,Visual,1,Spring,,
2008-03-30,42.14,-70.38,Visual,1,Spring,,
2008-03-28,42.32,-70.12,Visual,1,Spring,,
2008-03-28,42.33,-70.35,Visual,1,Spring,,
2008-03-27,42.3,-70.03,Visual,1,Spring,,
2008-03-27,42.32,-70.23,Visual,1,Spring,,
2008-03-27,42.33,-70.45,Visual,1,Spring,,
2008-03-27,42.33,-70.57,Visual,1,Spring,,
2008-03-27,41.95,-70.38,Visual,1,Spring,,
2008-03-27,41.85,-70.37,Visual,1,Spring,,
2008-03-27,41.23,-68.97,Visual,1,Spring,,
2008-03-25,42.04,-70.28,Visual,1,Spring,,
2008-03-24,42.13,-70.02,Visual,1,Spring,,
2008-03-24,42.11,-70.06,Visual,1,Spring,,
2008-03-24,41.9,-70.28,Visual,1,Spring,,
2008-03-24,41.93,-70.2,Visual,1,Spring,,
2008-03-24,41.57,-69.42,Visual,1,Spring,,
2008-03-24,41.67,-69.53,Visual,1,Spring,,
2008-03-24,41.72,-69.85,Visual,1,Spring,,
2008-03-24,41.75,-69.68,Visual,1,Spring,,
2008-03-24,42.1,-68.83,Visual,1,Spring,,
2008-03-24,41.83,-69.85,Visual,1,Spring,,
2008-03-23,42.15,-69.9,Visual,1,Spring,,
2008-03-23,42.23,-69.95,Visual,1,Spring,,
2008-03-23,42.3,-70.03,Visual,1,Spring,,
2008-03-23,42.32,-70.23,Visual,1,Spring,,
2008-03-23,41.59,-69.35,Visual,1,Spring,,
2008-03-20,42.08,-69.85,Visual,1,Spring,,
2008-03-20,42.15,-69.9,Visual,1,Spring,,
2008-03-20,42.23,-69.95,Visual,1,Spring,,
2008-03-20,42.3,-70.03,Visual,1,Spring,,
2008-03-20,42.32,-70.23,Visual,1,Spring,,
2008-03-19,42.33,-70.35,Visual,1,Spring,,
2008-03-19,42.33,-70.45,Visual,1,Spring,,
2008-03-19,42.35,-70.68,Visual,1,Spring,,
2008-03-18,42.12,-70.19,Visual,1,Spring,,
2008-03-18,42.03,-70.23,Visual,1,Spring,,
2008-03-18,41.96,-70.18,Visual,1,Spring,,
2008-03-13,41.92,-70.18,Visual,1,Spring,,
2008-03-18,41.4,-71.1,Visual,1,Spring,,
2008-03-18,41.42,-71.09,Visual,1,Spring,,
2008-03-16,42.08,-69.85,Visual,1,Spring,,
2008-03-16,42.15,-69.9,Visual,1,Spring,,
2008-03-15,40.18,-74.02,Visual,1,Spring,,
2008-03-15,42.15,-69.9,Visual,1,Spring,,
2008-03-15,42.23,-69.95,Visual,1,Spring,,
2008-03-15,40.85,-72.4,Visual,1,Spring,,
2008-03-14,41.98,-70.25,Visual,1,Spring,,
2008-03-14,42.0,-70.23,Visual,1,Spring,,
2008-03-13,42.08,-69.85,Visual,1,Spring,,
2008-03-13,42.35,-70.68,Visual,1,Spring,,
2008-03-14,41.52,-69.42,Visual,1,Spring,,
2008-03-13,40.84,-72.48,Visual,1,Spring,,
2008-03-12,38.6,-75.05,Visual,1,Spring,,
2008-03-12,42.15,-69.9,Visual,1,Spring,,
2008-03-12,42.23,-69.95,Visual,1,Spring,,
2008-03-12,42.3,-70.03,Visual,1,Spring,,
2008-03-12,42.35,-70.68,Visual,1,Spring,,
2008-03-11,41.97,-70.21,Visual,1,Spring,,
2008-03-11,41.98,-70.22,Visual,1,Spring,,
2008-03-10,42.03,-69.98,Visual,1,Spring,,
2008-03-10,42.15,-69.9,Visual,1,Spring,,
2008-03-10,42.23,-69.95,Visual,1,Spring,,
2008-03-10,41.92,-70.23,Visual,1,Spring,,
2008-03-07,41.85,-70.24,Visual,1,Spring,,
2008-03-07,41.92,-70.25,Visual,1,Spring,,
2008-03-08,42.23,-69.95,Visual,1,Spring,,
2008-03-07,42.08,-69.85,Visual,1,Spring,,
2008-03-07,42.15,-69.9,Visual,1,Spring,,
2008-03-07,42.23,-70.34,Visual,1,Spring,,
2008-03-07,42.24,-70.34,Visual,1,Spring,,
2008-03-07,42.64,-69.54,Visual,1,Spring,,
2008-03-06,41.91,-70.23,Visual,1,Spring,,
2008-03-06,41.92,-70.2,Visual,1,Spring,,
2008-03-06,41.9,-70.21,Visual,1,Spring,,
2008-03-06,41.92,-70.28,Visual,1,Spring,,
2008-03-06,41.91,-70.26,Visual,1,Spring,,
2008-03-06,42.11,-69.82,Visual,1,Spring,,
2008-03-06,42.15,-69.44,Visual,1,Spring,,
2008-03-06,42.2,-70.32,Visual,1,Spring,,
2008-03-06,42.26,-70.37,Visual,1,Spring,,
2008-03-02,42.08,-69.85,Visual,1,Spring,,
2008-03-02,42.15,-69.9,Visual,1,Spring,,
2008-03-02,42.23,-69.95,Visual,1,Spring,,
2008-03-03,41.96,-70.24,Visual,1,Spring,,
2008-03-03,41.95,-70.24,Visual,1,Spring,,
2008-03-01,42.08,-69.85,Visual,1,Spring,,
2008-03-01,42.15,-69.9,Visual,1,Spring,,
2008-03-01,42.23,-69.95,Visual,1,Spring,,
2008-02-29,41.95,-70.32,Visual,1,Winter,,
2008-02-29,41.94,-70.23,Visual,1,Winter,,
2008-02-29,41.87,-70.29,Visual,1,Winter,,
2008-02-29,42.6,-69.97,Visual,1,Winter,,
2008-02-25,42.23,-69.95,Visual,1,Winter,,
2008-02-25,42.32,-70.23,Visual,1,Winter,,
2008-02-25,42.33,-70.45,Visual,1,Winter,,
2008-02-25,42.83,-69.25,Visual,1,Winter,,
2008-02-25,41.67,-69.66,Visual,1,Winter,,
2008-02-25,41.92,-70.28,Visual,1,Winter,,
2008-02-23,42.64,-69.45,Visual,1,Winter,,
2008-02-24,41.92,-70.25,Visual,1,Winter,,
2008-02-24,42.15,-69.9,Visual,1,Winter,,
2008-02-23,42.08,-69.85,Visual,1,Winter,,
2008-02-23,42.32,-70.23,Visual,1,Winter,,
2008-02-23,42.3,-70.23,Visual,1,Winter,,
2008-02-22,42.71,-69.19,Visual,1,Winter,,
2008-02-23,36.84,-75.96,Visual,1,Winter,,
2008-02-22,42.23,-69.95,Visual,1,Winter,,
2008-02-21,41.86,-70.37,Visual,1,Winter,,
2008-02-20,42.15,-69.9,Visual,1,Winter,,
2008-02-20,42.08,-69.85,Visual,1,Winter,,
2008-02-20,42.32,-70.23,Visual,1,Winter,,
2008-02-19,42.15,-69.9,Visual,1,Winter,,
2008-02-19,42.23,-69.95,Visual,1,Winter,,
2008-02-16,42.08,-69.85,Visual,1,Winter,,
2008-02-17,42.92,-69.12,Visual,1,Winter,,
2008-02-14,42.15,-69.9,Visual,1,Winter,,
2008-02-15,42.23,-69.95,Visual,1,Winter,,
2008-02-15,42.32,-70.23,Visual,1,Winter,,
2008-02-14,42.08,-69.85,Visual,1,Winter,,
2008-02-13,42.32,-70.23,Visual,1,Winter,,
2008-02-12,42.08,-69.85,Visual,1,Winter,,
2008-02-12,42.23,-69.95,Visual,1,Winter,,
2008-02-09,42.15,-69.9,Visual,1,Winter,,
2008-02-09,42.23,-69.95,Visual,1,Winter,,
2008-02-07,42.08,-69.85,Visual,1,Winter,,
2008-02-06,42.32,-70.23,Visual,1,Winter,,
2008-02-06,42.33,-70.35,Visual,1,Winter,,
2008-02-06,42.15,-69.9,Visual,1,Winter,,
2008-02-05,42.23,-69.95,Visual,1,Winter,,
2008-02-06,42.3,-70.03,Visual,1,Winter,,
2008-02-04,42.08,-69.85,Visual,1,Winter,,
2008-02-04,42.15,-69.9,Visual,1,Winter,,
2008-02-04,42.23,-69.95,Visual,1,Winter,,
2008-02-04,42.3,-70.03,Visual,1,Winter,,
2008-02-03,42.32,-70.23,Visual,1,Winter,,
2008-02-04,41.93,-70.23,Visual,1,Winter,,
2008-02-04,41.83,-70.35,Visual,1,Winter,,
2008-02-04,42.53,-69.57,Visual,1,Winter,,
2008-02-04,43.0,-69.08,Visual,1,Winter,,
2008-02-04,42.85,-69.02,Visual,1,Winter,,
2008-02-04,42.7,-69.03,Visual,1,Winter,,
2008-02-04,43.08,-69.22,Visual,1,Winter,,
2008-02-04,42.37,-66.39,Visual,1,Winter,,
2008-02-03,42.69,-70.06,Visual,1,Winter,,
2008-02-03,42.66,-70.14,Visual,1,Winter,,
2008-02-03,41.76,-70.29,Visual,1,Winter,,
2008-02-03,41.96,-70.08,Visual,1,Winter,,
2008-02-03,38.03,-75.15,Visual,1,Winter,,
2008-02-03,37.8,-75.25,Visual,1,Winter,,
2008-01-31,42.08,-69.85,Visual,1,Winter,,
2008-01-31,42.15,-69.9,Visual,1,Winter,,
2008-01-31,42.23,-69.95,Visual,1,Winter,,
2008-02-01,42.3,-70.03,Visual,1,Winter,,
2008-02-01,42.32,-70.23,Visual,1,Winter,,
2008-01-29,41.77,-70.35,Visual,1,Winter,,
2008-01-28,41.93,-70.18,Visual,1,Winter,,
2008-01-29,42.08,-69.85,Visual,1,Winter,,
2008-01-29,42.15,-69.9,Visual,1,Winter,,
2008-01-29,42.23,-69.95,Visual,1,Winter,,
2008-01-29,42.3,-70.03,Visual,1,Winter,,
2008-01-28,42.32,-70.23,Visual,1,Winter,,
2008-01-27,42.08,-69.85,Visual,1,Winter,,
2008-01-28,42.15,-69.9,Visual,1,Winter,,
2008-01-27,42.15,-69.9,Visual,1,Winter,,
2008-01-25,42.3,-70.03,Visual,1,Winter,,
2008-01-24,42.07,-69.76,Visual,1,Winter,,
2008-01-24,42.23,-69.78,Visual,1,Winter,,
2008-01-22,42.08,-69.85,Visual,1,Winter,,
2008-01-22,42.15,-69.9,Visual,1,Winter,,
2008-01-22,42.3,-70.03,Visual,1,Winter,,
2008-01-22,42.32,-70.23,Visual,1,Winter,,
2008-01-22,42.08,-70.09,Visual,1,Winter,,
2008-01-21,42.08,-69.85,Visual,1,Winter,,
2008-01-21,42.15,-69.9,Visual,1,Winter,,
2008-01-21,42.23,-69.95,Visual,1,Winter,,
2008-01-21,42.3,-70.03,Visual,1,Winter,,
2008-01-21,42.32,-70.23,Visual,1,Winter,,
2008-01-18,42.15,-69.9,Visual,1,Winter,,
2008-01-18,42.23,-69.95,Visual,1,Winter,,
2008-01-18,42.3,-70.03,Visual,1,Winter,,
2008-01-17,43.22,-68.33,Visual,1,Winter,,
2008-01-17,43.15,-68.3,Visual,1,Winter,,
2008-01-17,43.33,-68.27,Visual,1,Winter,,
2008-01-17,43.45,-68.05,Visual,1,Winter,,
2008-01-17,43.1,-68.48,Visual,1,Winter,,
2008-01-13,42.04,-70.12,Visual,1,Winter,,
2008-01-13,42.6,-69.82,Visual,1,Winter,,
2008-01-13,42.74,-70.06,Visual,1,Winter,,
2008-01-13,42.85,-70.07,Visual,1,Winter,,
2008-01-13,43.1,-70.17,Visual,1,Winter,,
2008-01-13,42.58,-70.08,Visual,1,Winter,,
2008-01-13,42.63,-69.95,Visual,1,Winter,,
2008-01-12,41.81,-70.35,Visual,1,Winter,,
2007-12-19,43.2,-68.73,Visual,1,Winter,,
2007-12-19,43.31,-68.37,Visual,1,Winter,,
2007-12-19,43.52,-68.33,Visual,1,Winter,,
2007-12-19,43.42,-68.52,Visual,1,Winter,,
2007-12-18,42.98,-70.1,Visual,1,Winter,,
2007-12-16,42.52,-70.65,Visual,1,Winter,,
2007-12-09,43.65,-68.07,Visual,1,Winter,,
2007-12-09,43.53,-68.27,Visual,1,Winter,,
2007-12-09,43.48,-68.4,Visual,1,Winter,,
2007-12-09,43.28,-68.75,Visual,1,Winter,,
2007-12-08,42.4,-70.61,Visual,1,Winter,,
2007-12-05,43.09,-70.15,Visual,1,Winter,,
2007-12-05,43.05,-70.07,Visual,1,Winter,,
2007-12-05,43.01,-70.08,Visual,1,Winter,,
2007-12-05,43.0,-70.05,Visual,1,Winter,,
2007-11-26,43.01,-70.04,Visual,1,Fall,,
2007-11-26,43.05,-70.2,Visual,1,Fall,,
2007-11-26,43.04,-70.2,Visual,1,Fall,,
2007-11-26,43.01,-70.19,Visual,1,Fall,,
2007-11-20,43.02,-70.15,Visual,1,Fall,,
2007-11-20,43.32,-68.42,Visual,1,Fall,,
2007-11-20,43.35,-68.58,Visual,1,Fall,,
2007-11-17,44.8,-66.68,Visual,1,Fall,,
2007-11-18,44.62,-66.61,Visual,1,Fall,,
2007-11-18,44.81,-66.66,Visual,1,Fall,,
2007-11-18,42.87,-70.34,Visual,1,Fall,,
2007-11-18,43.03,-70.22,Visual,1,Fall,,
2007-11-18,43.03,-70.21,Visual,1,Fall,,
2007-11-18,43.04,-70.19,Visual,1,Fall,,
2007-11-18,42.99,-70.07,Visual,1,Fall,,
2007-11-18,42.75,-70.32,Visual,1,Fall,,
2007-11-13,42.7,-70.62,Visual,1,Fall,,
2007-11-12,43.06,-70.24,Visual,1,Fall,,
2007-11-12,43.07,-70.17,Visual,1,Fall,,
2007-11-12,43.1,-70.16,Visual,1,Fall,,
2007-11-12,43.07,-69.98,Visual,1,Fall,,
2007-11-12,43.07,-69.99,Visual,1,Fall,,
2007-11-12,43.01,-70.15,Visual,1,Fall,,
2007-11-12,44.82,-66.49,Visual,1,Fall,,
2007-11-09,43.05,-70.17,Visual,1,Fall,,
2007-11-09,43.1,-70.15,Visual,1,Fall,,
2007-11-09,43.1,-70.17,Visual,1,Fall,,
2007-11-09,43.15,-70.15,Visual,1,Fall,,
2007-11-09,43.09,-70.04,Visual,1,Fall,,
2007-11-09,42.8,-69.62,Visual,1,Fall,,
2007-11-05,42.98,-70.21,Visual,1,Fall,,
2007-11-05,43.07,-70.16,Visual,1,Fall,,
2007-11-05,42.83,-70.13,Visual,1,Fall,,
2007-11-05,43.08,-70.14,Visual,1,Fall,,
2007-11-05,42.83,-70.14,Visual,1,Fall,,
2007-11-05,43.17,-70.05,Visual,1,Fall,,
2007-10-31,40.61,-73.4,Visual,1,Fall,,
2007-11-01,37.83,-75.07,Visual,1,Fall,,
2007-10-31,44.72,-66.32,Visual,1,Fall,,
2007-10-31,42.94,-70.21,Visual,1,Fall,,
2007-10-31,43.08,-70.18,Visual,1,Fall,,
2007-10-31,42.93,-70.04,Visual,1,Fall,,
2007-10-31,40.61,-73.54,Visual,1,Fall,,
2007-10-31,40.58,-73.51,Visual,1,Fall,,
2007-10-26,43.44,-68.28,Visual,1,Fall,,
2007-10-26,43.53,-68.43,Visual,1,Fall,,
2007-10-26,43.4,-68.35,Visual,1,Fall,,
2007-10-26,43.04,-70.01,Visual,1,Fall,,
2007-10-26,43.12,-70.17,Visual,1,Fall,,
2007-10-26,42.99,-70.04,Visual,1,Fall,,
2007-10-26,43.05,-70.01,Visual,1,Fall,,
2007-10-26,42.78,-70.36,Visual,1,Fall,,
2007-10-26,43.06,-70.08,Visual,1,Fall,,
2007-10-26,43.02,-70.1,Visual,1,Fall,,
2007-10-26,42.94,-70.21,Visual,1,Fall,,
2007-10-24,44.6,-66.53,Visual,1,Fall,,
2007-10-24,44.52,-66.4,Visual,1,Fall,,
2007-10-24,44.61,-66.41,Visual,1,Fall,,
2007-10-24,44.7,-66.4,Visual,1,Fall,,
2007-10-22,42.85,-70.08,Visual,1,Fall,,
2007-10-22,43.08,-70.17,Visual,1,Fall,,
2007-10-22,43.05,-70.19,Visual,1,Fall,,
2007-10-20,42.94,-70.46,Visual,1,Fall,,
2007-10-18,43.01,-70.27,Visual,1,Fall,,
2007-10-18,43.08,-70.18,Visual,1,Fall,,
2007-10-18,43.02,-70.2,Visual,1,Fall,,
2007-10-18,43.0,-70.19,Visual,1,Fall,,
2007-10-18,43.02,-70.14,Visual,1,Fall,,
2007-10-18,43.05,-70.09,Visual,1,Fall,,
2007-10-17,43.09,-70.16,Visual,1,Fall,,
2007-10-17,43.0,-70.18,Visual,1,Fall,,
2007-10-16,42.88,-70.07,Visual,1,Fall,,
2007-10-16,43.08,-69.93,Visual,1,Fall,,
2007-10-16,43.0,-70.13,Visual,1,Fall,,
2007-10-15,43.0,-70.22,Visual,1,Fall,,
2007-10-07,43.05,-70.17,Visual,1,Fall,,
2007-10-05,44.25,-67.2,Visual,1,Fall,,
2007-10-01,44.63,-66.43,Visual,1,Fall,,
2007-09-17,44.63,-66.43,Visual,1,Fall,,
2007-09-17,44.35,-67.35,Visual,1,Fall,,
2007-09-16,43.99,-67.96,Visual,1,Fall,,
2007-09-10,43.2,-70.18,Visual,1,Fall,,
2007-09-08,42.83,-70.49,Visual,1,Fall,,
2007-09-06,42.98,-66.41,Visual,1,Fall,,
2007-09-06,42.94,-66.66,Visual,1,Fall,,
2007-09-06,42.89,-67.14,Visual,1,Fall,,
2007-09-04,42.94,-70.11,Visual,1,Fall,,
2007-09-01,42.8,-70.58,Visual,1,Fall,,
2007-08-31,44.7,-66.42,Visual,1,Summer,,
2007-08-30,42.92,-70.31,Visual,1,Summer,,
2007-08-20,43.61,-66.68,Visual,1,Summer,,
2007-08-20,43.64,-66.66,Visual,1,Summer,,
2007-08-20,43.82,-66.77,Visual,1,Summer,,
2007-08-27,44.09,-67.88,Visual,1,Summer,,
2007-08-24,42.41,-70.4,Visual,1,Summer,,
2007-08-22,43.62,-66.7,Visual,1,Summer,,
2007-08-22,44.03,-66.93,Visual,1,Summer,,
2007-08-22,44.7,-66.5,Visual,1,Summer,,
2007-08-22,43.39,-66.66,Visual,1,Summer,,
2007-08-22,43.36,-66.71,Visual,1,Summer,,
2007-08-22,43.34,-70.22,Visual,1,Summer,,
2007-08-21,42.96,-65.37,Visual,1,Summer,,
2007-08-21,43.36,-70.15,Visual,1,Summer,,
2007-08-20,42.28,-66.57,Visual,1,Summer,,
2007-08-20,42.67,-65.77,Visual,1,Summer,,
2007-08-17,44.38,-66.43,Visual,1,Summer,,
2007-08-17,44.63,-66.38,Visual,1,Summer,,
2007-08-17,44.57,-66.53,Visual,1,Summer,,
2007-08-17,44.55,-66.55,Visual,1,Summer,,
2007-08-16,44.72,-66.42,Visual,1,Summer,,
2007-08-16,44.65,-66.41,Visual,1,Summer,,
2007-08-16,44.67,-66.34,Visual,1,Summer,,
2007-08-15,43.89,-66.4,Visual,1,Summer,,
2007-08-15,44.11,-66.78,Visual,1,Summer,,
2007-08-15,44.13,-66.85,Visual,1,Summer,,
2007-08-14,42.71,-70.45,Visual,1,Summer,,
2007-08-14,42.69,-70.43,Visual,1,Summer,,
2007-08-11,43.32,-69.42,Visual,1,Summer,,
2007-08-05,44.72,-66.42,Visual,1,Summer,,
2007-08-01,44.49,-66.43,Visual,1,Summer,,
2007-08-01,44.63,-66.43,Visual,1,Summer,,
2007-08-01,43.62,-68.34,Visual,1,Summer,,
2007-08-01,42.98,-65.03,Visual,1,Summer,,
2007-08-01,42.73,-70.44,Visual,1,Summer,,
2007-07-31,43.95,-68.09,Visual,1,Summer,,
2007-07-27,42.28,-65.91,Visual,1,Summer,,
2007-07-24,41.55,-68.68,Visual,1,Summer,,
2007-07-24,41.38,-68.83,Visual,1,Summer,,
2007-07-24,41.28,-68.95,Visual,1,Summer,,
2007-07-16,42.28,-70.31,Visual,1,Summer,,
2007-07-13,42.53,-70.38,Visual,1,Summer,,
2007-07-14,42.3,-67.3,Visual,1,Summer,,
2007-07-14,42.42,-70.43,Visual,1,Summer,,
2007-07-03,44.6,-66.6,Visual,1,Summer,,
2007-07-03,42.25,-70.02,Visual,1,Summer,,
2007-07-02,44.38,-67.05,Visual,1,Summer,,
2007-07-01,41.97,-68.81,Visual,1,Summer,,
2007-06-30,41.9,-68.42,Visual,1,Summer,,
2007-06-30,41.5,-69.55,Visual,1,Summer,,
2007-06-30,41.35,-68.82,Visual,1,Summer,,
2007-06-30,41.22,-69.08,Visual,1,Summer,,
2007-06-25,41.31,-69.17,Visual,1,Summer,,
2007-06-25,41.48,-68.92,Visual,1,Summer,,
2007-06-25,41.65,-68.85,Visual,1,Summer,,
2007-06-25,41.57,-69.17,Visual,1,Summer,,
2007-06-24,42.1,-68.25,Visual,1,Summer,,
2007-06-24,42.35,-68.37,Visual,1,Summer,,
2007-06-24,42.08,-68.65,Visual,1,Summer,,
2007-06-24,42.08,-68.88,Visual,1,Summer,,
2007-06-24,42.25,-69.0,Visual,1,Summer,,
2007-06-23,42.19,-69.99,Visual,1,Summer,,
2007-06-23,42.17,-66.57,Visual,1,Summer,,
2007-06-23,42.2,-66.88,Visual,1,Summer,,
2007-06-23,42.17,-67.2,Visual,1,Summer,,
2007-06-23,42.17,-67.43,Visual,1,Summer,,
2007-06-21,42.18,-67.43,Visual,1,Summer,,
2007-06-21,42.02,-67.75,Visual,1,Summer,,
2007-06-21,42.13,-67.9,Visual,1,Summer,,
2007-06-21,41.9,-68.33,Visual,1,Summer,,
2007-06-19,41.92,-69.58,Visual,1,Summer,,
2007-06-19,42.15,-68.95,Visual,1,Summer,,
2007-06-19,42.03,-69.02,Visual,1,Summer,,
2007-06-18,42.02,-68.97,Visual,1,Summer,,
2007-06-18,41.75,-69.57,Visual,1,Summer,,
2007-06-18,41.72,-69.4,Visual,1,Summer,,
2007-06-18,41.38,-69.27,Visual,1,Summer,,
2007-06-18,41.77,-69.63,Visual,1,Summer,,
2007-06-16,44.08,-67.91,Visual,1,Summer,,
2007-06-16,41.25,-69.02,Visual,1,Summer,,
2007-06-16,41.37,-69.1,Visual,1,Summer,,
2007-06-16,41.43,-69.27,Visual,1,Summer,,
2007-06-11,42.53,-70.86,Visual,1,Summer,,
2007-06-09,41.97,-68.8,Visual,1,Summer,,
2007-06-09,42.15,-68.9,Visual,1,Summer,,
2007-06-09,42.0,-68.92,Visual,1,Summer,,
2007-06-08,42.05,-68.92,Visual,1,Summer,,
2007-06-08,42.08,-67.93,Visual,1,Summer,,
2007-06-08,42.02,-68.07,Visual,1,Summer,,
2007-06-08,42.13,-68.28,Visual,1,Summer,,
2007-06-08,42.02,-68.52,Visual,1,Summer,,
2007-06-08,42.17,-68.62,Visual,1,Summer,,
2007-06-08,42.35,-68.78,Visual,1,Summer,,
2007-06-08,41.97,-69.67,Visual,1,Summer,,
2007-06-07,42.13,-68.94,Visual,1,Summer,,
2007-06-07,42.07,-69.13,Visual,1,Summer,,
2007-06-07,41.89,-69.52,Visual,1,Summer,,
2007-06-07,41.94,-69.2,Visual,1,Summer,,
2007-06-06,41.42,-68.77,Visual,1,Summer,,
2007-06-06,41.85,-68.4,Visual,1,Summer,,
2007-06-06,41.93,-69.05,Visual,1,Summer,,
2007-06-06,41.98,-69.33,Visual,1,Summer,,
2007-06-03,41.32,-69.09,Visual,1,Summer,,
2007-06-03,41.28,-69.13,Visual,1,Summer,,
2007-06-02,41.28,-68.97,Visual,1,Summer,,
2007-06-02,41.28,-69.02,Visual,1,Summer,,
2007-06-02,41.28,-69.13,Visual,1,Summer,,
2007-06-02,41.62,-69.3,Visual,1,Summer,,
2007-06-02,41.6,-69.28,Visual,1,Summer,,
2007-06-02,41.47,-69.28,Visual,1,Summer,,
2007-06-02,41.48,-68.88,Visual,1,Summer,,
2007-06-02,41.45,-68.78,Visual,1,Summer,,
2007-06-01,41.38,-69.0,Visual,1,Summer,,
2007-06-01,41.52,-69.03,Visual,1,Summer,,
2007-06-02,42.42,-68.0,Visual,1,Summer,,
2007-05-31,41.52,-69.27,Visual,1,Spring,,
2007-05-30,41.97,-68.78,Visual,1,Spring,,
2007-05-30,41.57,-69.18,Visual,1,Spring,,
2007-05-30,41.77,-68.48,Visual,1,Spring,,
2007-05-30,41.68,-68.7,Visual,1,Spring,,
2007-05-30,41.6,-68.78,Visual,1,Spring,,
2007-05-30,41.57,-69.02,Visual,1,Spring,,
2007-05-30,41.43,-69.17,Visual,1,Spring,,
2007-05-30,41.37,-69.15,Visual,1,Spring,,
2007-05-29,41.48,-69.22,Visual,1,Spring,,
2007-05-29,41.35,-69.07,Visual,1,Spring,,
2007-05-29,41.47,-68.9,Visual,1,Spring,,
2007-05-29,41.5,-68.65,Visual,1,Spring,,
2007-05-29,41.33,-68.85,Visual,1,Spring,,
2007-05-29,41.23,-69.05,Visual,1,Spring,,
2007-05-27,41.36,-68.86,Visual,1,Spring,,
2007-05-27,41.39,-68.86,Visual,1,Spring,,
2007-05-27,41.58,-69.58,Visual,1,Spring,,
2007-05-27,41.87,-68.88,Visual,1,Spring,,
2007-05-27,41.98,-68.75,Visual,1,Spring,,
2007-05-27,42.07,-68.78,Visual,1,Spring,,
2007-05-27,42.23,-68.78,Visual,1,Spring,,
2007-05-26,41.44,-68.86,Visual,1,Spring,,
2007-05-24,41.27,-68.9,Visual,1,Spring,,
2007-05-23,41.63,-69.53,Visual,1,Spring,,
2007-05-22,41.93,-68.34,Visual,1,Spring,,
2007-05-22,41.97,-68.01,Visual,1,Spring,,
2007-05-22,41.84,-68.88,Visual,1,Spring,,
2007-05-21,41.3,-69.0,Visual,1,Spring,,
2007-05-21,41.48,-68.93,Visual,1,Spring,,
2007-05-21,41.6,-68.95,Visual,1,Spring,,
2007-05-17,41.48,-68.75,Visual,1,Spring,,
2007-05-17,41.48,-68.77,Visual,1,Spring,,
2007-05-17,41.48,-68.8,Visual,1,Spring,,
2007-05-17,41.48,-68.82,Visual,1,Spring,,
2007-05-17,41.5,-68.85,Visual,1,Spring,,
2007-05-17,41.47,-68.9,Visual,1,Spring,,
2007-05-17,41.49,-68.97,Visual,1,Spring,,
2007-05-14,42.27,-70.27,Visual,1,Spring,,
2007-05-13,41.28,-68.88,Visual,1,Spring,,
2007-05-13,41.25,-68.93,Visual,1,Spring,,
2007-05-13,42.03,-70.22,Visual,1,Spring,,
2007-05-13,41.81,-70.08,Visual,1,Spring,,
2007-05-12,41.25,-68.93,Visual,1,Spring,,
2007-05-12,41.27,-69.1,Visual,1,Spring,,
2007-05-12,41.28,-68.98,Visual,1,Spring,,
2007-05-10,41.28,-69.03,Visual,1,Spring,,
2007-05-09,41.91,-70.18,Visual,1,Spring,,
2007-05-09,41.83,-70.5,Visual,1,Spring,,
2007-05-08,41.39,-68.69,Visual,1,Spring,,
2007-05-08,41.42,-68.58,Visual,1,Spring,,
2007-05-08,41.23,-69.2,Visual,1,Spring,,
2007-05-08,41.7,-68.54,Visual,1,Spring,,
2007-05-07,42.13,-70.3,Visual,1,Spring,,
2007-05-07,42.1,-70.25,Visual,1,Spring,,
2007-05-07,41.78,-70.24,Visual,1,Spring,,
2007-05-07,41.97,-70.26,Visual,1,Spring,,
2007-05-07,42.13,-70.29,Visual,1,Spring,,
2007-05-06,42.02,-70.29,Visual,1,Spring,,
2007-05-06,42.03,-70.29,Visual,1,Spring,,
2007-05-05,42.05,-70.3,Visual,1,Spring,,
2007-05-05,42.06,-70.29,Visual,1,Spring,,
2007-05-01,41.8,-70.46,Visual,1,Spring,,
2007-05-05,41.77,-70.22,Visual,1,Spring,,
2007-05-05,41.82,-70.5,Visual,1,Spring,,
2007-05-05,42.02,-70.23,Visual,1,Spring,,
2007-05-04,42.08,-70.25,Visual,1,Spring,,
2007-05-04,42.09,-70.32,Visual,1,Spring,,
2007-05-04,43.03,-69.91,Visual,1,Spring,,
2007-05-04,42.08,-70.27,Visual,1,Spring,,
2007-05-03,42.11,-70.24,Visual,1,Spring,,
2007-05-03,42.1,-70.45,Visual,1,Spring,,
2007-05-03,42.29,-70.4,Visual,1,Spring,,
2007-05-03,42.08,-70.28,Visual,1,Spring,,
2007-05-03,41.62,-69.52,Visual,1,Spring,,
2007-05-03,42.07,-70.3,Visual,1,Spring,,
2007-05-03,42.09,-70.27,Visual,1,Spring,,
2007-05-03,42.13,-70.17,Visual,1,Spring,,
2007-05-02,42.06,-70.26,Visual,1,Spring,,
2007-05-02,40.62,-70.32,Visual,1,Spring,,
2007-05-02,43.03,-70.02,Visual,1,Spring,,
2007-05-01,42.1,-70.31,Visual,1,Spring,,
2007-05-01,42.12,-70.2,Visual,1,Spring,,
2007-05-01,42.09,-70.29,Visual,1,Spring,,
2007-04-30,42.08,-70.31,Visual,1,Spring,,
2007-04-30,42.03,-70.3,Visual,1,Spring,,
2007-04-30,42.05,-70.31,Visual,1,Spring,,
2007-04-30,41.89,-70.5,Visual,1,Spring,,
2007-04-30,41.13,-69.13,Visual,1,Spring,,
2007-04-28,43.31,-69.81,Visual,1,Spring,,
2007-04-29,42.1,-70.29,Visual,1,Spring,,
2007-04-29,42.12,-70.28,Visual,1,Spring,,
2007-04-29,42.09,-70.3,Visual,1,Spring,,
2007-04-29,42.1,-70.3,Visual,1,Spring,,
2007-04-29,42.12,-70.22,Visual,1,Spring,,
2007-04-27,42.14,-70.32,Visual,1,Spring,,
2007-04-27,42.14,-70.35,Visual,1,Spring,,
2007-04-28,42.12,-70.25,Visual,1,Spring,,
2007-04-28,42.02,-70.18,Visual,1,Spring,,
2007-04-28,42.07,-70.28,Visual,1,Spring,,
2007-04-26,42.3,-70.1,Visual,1,Spring,,
2007-04-26,41.63,-68.52,Visual,1,Spring,,
2007-04-26,41.43,-68.9,Visual,1,Spring,,
2007-04-26,41.21,-69.51,Visual,1,Spring,,
2007-04-26,41.27,-68.92,Visual,1,Spring,,
2007-04-26,41.35,-68.83,Visual,1,Spring,,
2007-04-26,41.95,-70.17,Visual,1,Spring,,
2007-04-26,41.99,-70.25,Visual,1,Spring,,
2007-04-26,42.0,-70.13,Visual,1,Spring,,
2007-04-26,42.08,-70.28,Visual,1,Spring,,
2007-04-26,42.08,-70.11,Visual,1,Spring,,
2007-04-26,41.93,-69.97,Visual,1,Spring,,
2007-04-26,41.79,-69.87,Visual,1,Spring,,
2007-04-26,42.23,-70.04,Visual,1,Spring,,
2007-04-26,41.92,-69.97,Visual,1,Spring,,
2007-04-26,42.12,-69.02,Visual,1,Spring,,
2007-04-26,41.45,-68.88,Visual,1,Spring,,
2007-04-26,41.68,-68.82,Visual,1,Spring,,
2007-04-25,42.02,-70.21,Visual,1,Spring,,
2007-04-25,42.01,-70.17,Visual,1,Spring,,
2007-04-25,42.05,-70.43,Visual,1,Spring,,
2007-04-25,42.07,-70.31,Visual,1,Spring,,
2007-04-25,42.06,-70.21,Visual,1,Spring,,
2007-04-25,42.02,-70.02,Visual,1,Spring,,
2007-04-24,42.06,-70.25,Visual,1,Spring,,
2007-04-22,42.07,-70.26,Visual,1,Spring,,
2007-04-22,42.16,-70.32,Visual,1,Spring,,
2007-04-22,40.95,-69.35,Visual,1,Spring,,
2007-04-22,41.02,-69.25,Visual,1,Spring,,
2007-04-22,41.43,-68.65,Visual,1,Spring,,
2007-04-22,41.4,-68.73,Visual,1,Spring,,
2007-04-22,41.25,-68.93,Visual,1,Spring,,
2007-04-22,41.25,-69.08,Visual,1,Spring,,
2007-04-22,41.38,-69.05,Visual,1,Spring,,
2007-04-22,41.62,-68.62,Visual,1,Spring,,
2007-04-22,41.8,-68.34,Visual,1,Spring,,
2007-04-22,41.38,-69.41,Visual,1,Spring,,
2007-04-22,41.93,-70.22,Visual,1,Spring,,
2007-04-22,42.1,-70.47,Visual,1,Spring,,
2007-04-22,42.07,-70.06,Visual,1,Spring,,
2007-04-22,41.74,-69.85,Visual,1,Spring,,
2007-04-22,42.21,-70.34,Visual,1,Spring,,
2007-04-21,42.28,-70.32,Visual,1,Spring,,
2007-04-21,42.05,-68.61,Visual,1,Spring,,
2007-04-21,41.8,-69.13,Visual,1,Spring,,
2007-04-21,41.63,-69.61,Visual,1,Spring,,
2007-04-21,42.24,-68.92,Visual,1,Spring,,
2007-04-21,41.87,-70.21,Visual,1,Spring,,
2007-04-21,42.1,-70.11,Visual,1,Spring,,
2007-04-21,41.88,-70.21,Visual,1,Spring,,
2007-04-20,41.82,-70.22,Visual,1,Spring,,
2007-04-02,41.98,-70.17,Visual,1,Spring,,
2007-03-30,41.9,-70.23,Visual,1,Spring,,
2007-03-30,41.9,-70.15,Visual,1,Spring,,
2007-03-30,41.87,-70.16,Visual,1,Spring,,
2007-03-30,41.8,-70.21,Visual,1,Spring,,
2007-04-14,42.02,-70.26,Visual,1,Spring,,
2007-04-14,42.36,-70.35,Visual,1,Spring,,
2007-04-14,42.37,-70.37,Visual,1,Spring,,
2007-04-14,42.38,-70.4,Visual,1,Spring,,
2007-04-14,42.0,-70.22,Visual,1,Spring,,
2007-04-10,42.17,-70.42,Visual,1,Spring,,
2007-04-11,41.78,-70.38,Visual,1,Spring,,
2007-04-11,42.11,-70.48,Visual,1,Spring,,
2007-04-11,42.03,-70.23,Visual,1,Spring,,
2007-04-11,42.02,-70.44,Visual,1,Spring,,
2007-04-11,41.95,-70.3,Visual,1,Spring,,
2007-04-11,41.97,-70.19,Visual,1,Spring,,
2007-04-11,41.92,-70.3,Visual,1,Spring,,
2007-04-11,41.8,-70.34,Visual,1,Spring,,
2007-04-11,42.47,-70.44,Visual,1,Spring,,
2007-04-11,42.44,-70.5,Visual,1,Spring,,
2007-04-11,41.3,-69.14,Visual,1,Spring,,
2007-04-11,41.59,-69.07,Visual,1,Spring,,
2007-04-11,41.55,-69.26,Visual,1,Spring,,
2007-04-11,41.92,-69.81,Visual,1,Spring,,
2007-04-11,38.35,-75.1,Visual,1,Spring,,
2007-04-09,42.06,-70.03,Visual,1,Spring,,
2007-04-07,42.04,-70.03,Visual,1,Spring,,
2007-04-07,42.09,-70.17,Visual,1,Spring,,
2007-04-07,42.09,-70.46,Visual,1,Spring,,
2007-04-07,42.07,-70.23,Visual,1,Spring,,
2007-04-07,41.98,-70.46,Visual,1,Spring,,
2007-04-07,41.98,-70.32,Visual,1,Spring,,
2007-04-03,42.12,-70.25,Visual,1,Spring,,
2007-04-02,40.69,-72.94,Visual,1,Spring,,
2007-04-01,41.92,-70.23,Visual,1,Spring,,
2007-04-01,42.03,-70.21,Visual,1,Spring,,
2007-04-01,42.2,-70.34,Visual,1,Spring,,
2007-04-01,42.16,-70.35,Visual,1,Spring,,
2007-04-01,41.86,-70.21,Visual,1,Spring,,
2007-04-01,41.89,-70.32,Visual,1,Spring,,
2007-04-01,41.9,-70.44,Visual,1,Spring,,
2007-04-01,41.99,-70.52,Visual,1,Spring,,
2007-04-01,42.33,-70.74,Visual,1,Spring,,
2007-03-31,42.04,-70.5,Visual,1,Spring,,
2007-03-31,42.03,-70.26,Visual,1,Spring,,
2007-03-31,41.86,-70.24,Visual,1,Spring,,
2007-03-30,41.23,-69.23,Visual,1,Spring,,
2007-03-30,41.58,-69.4,Visual,1,Spring,,
2007-03-29,41.23,-70.6,Visual,1,Spring,,
2007-03-27,41.74,-70.31,Visual,1,Spring,,
2007-03-26,42.08,-70.24,Visual,1,Spring,,
2007-03-26,42.07,-70.07,Visual,1,Spring,,
2007-03-26,42.07,-70.25,Visual,1,Spring,,
2007-03-26,42.07,-70.37,Visual,1,Spring,,
2007-03-26,42.13,-70.13,Visual,1,Spring,,
2007-03-26,41.93,-69.93,Visual,1,Spring,,
2007-03-25,41.82,-69.92,Visual,1,Spring,,
2007-03-24,41.7,-69.9,Visual,1,Spring,,
2007-03-24,42.08,-70.15,Visual,1,Spring,,
2007-03-24,41.88,-70.22,Visual,1,Spring,,
2007-03-24,41.8,-70.27,Visual,1,Spring,,
2007-03-24,41.45,-69.54,Visual,1,Spring,,
2007-03-23,41.92,-70.17,Visual,1,Spring,,
2007-03-23,41.88,-70.2,Visual,1,Spring,,
2007-03-23,41.82,-70.31,Visual,1,Spring,,
2007-03-23,41.8,-70.34,Visual,1,Spring,,
2007-03-23,41.8,-70.28,Visual,1,Spring,,
2007-03-21,41.8,-70.33,Visual,1,Spring,,
2007-03-21,42.13,-69.97,Visual,1,Spring,,
2007-03-21,41.81,-70.33,Visual,1,Spring,,
2007-03-13,36.98,-75.72,Visual,1,Spring,,
2007-03-12,42.17,-69.95,Visual,1,Spring,,
2007-03-12,42.15,-70.0,Visual,1,Spring,,
2007-03-12,41.78,-69.83,Visual,1,Spring,,
2007-03-12,41.6,-69.63,Visual,1,Spring,,
2007-03-12,41.53,-69.38,Visual,1,Spring,,
2007-03-13,41.85,-69.85,Visual,1,Spring,,
2007-03-13,41.83,-69.85,Visual,1,Spring,,
2007-03-12,41.83,-70.37,Visual,1,Spring,,
2007-03-12,42.03,-70.24,Visual,1,Spring,,
2007-03-12,42.11,-70.36,Visual,1,Spring,,
2007-03-12,42.01,-69.99,Visual,1,Spring,,
2007-03-12,41.87,-69.85,Visual,1,Spring,,
2007-03-09,42.01,-70.25,Visual,1,Spring,,
2007-03-09,42.04,-70.35,Visual,1,Spring,,
2007-03-09,42.1,-70.05,Visual,1,Spring,,
2007-03-09,42.04,-69.92,Visual,1,Spring,,
2007-03-09,41.52,-69.35,Visual,1,Spring,,
2007-03-09,41.62,-69.53,Visual,1,Spring,,
2007-03-03,41.88,-70.36,Visual,1,Spring,,
2007-03-03,42.12,-70.22,Visual,1,Spring,,
2007-03-03,41.99,-69.94,Visual,1,Spring,,
2007-03-03,41.89,-69.87,Visual,1,Spring,,
2007-03-03,41.78,-69.82,Visual,1,Spring,,
2007-03-01,41.84,-70.39,Visual,1,Spring,,
2007-03-01,41.92,-70.21,Visual,1,Spring,,
2007-03-01,42.14,-70.18,Visual,1,Spring,,
2007-02-28,42.14,-70.26,Visual,1,Winter,,
2007-02-27,41.84,-70.39,Visual,1,Winter,,
2007-02-27,41.86,-70.25,Visual,1,Winter,,
2007-02-27,41.88,-70.34,Visual,1,Winter,,
2007-02-27,42.06,-70.07,Visual,1,Winter,,
2007-02-27,41.76,-69.28,Visual,1,Winter,,
2007-02-27,41.73,-69.83,Visual,1,Winter,,
2007-02-25,41.93,-70.28,Visual,1,Winter,,
2007-02-25,41.95,-70.18,Visual,1,Winter,,
2007-02-25,41.68,-69.72,Visual,1,Winter,,
2007-02-25,41.72,-69.55,Visual,1,Winter,,
2007-02-25,41.62,-69.62,Visual,1,Winter,,
2007-02-22,42.9,-69.01,Visual,1,Winter,,
2007-02-22,41.93,-70.12,Visual,1,Winter,,
2007-02-22,41.93,-70.37,Visual,1,Winter,,
2007-02-22,41.96,-70.51,Visual,1,Winter,,
2007-02-21,41.99,-70.2,Visual,1,Winter,,
2007-02-21,42.97,-70.12,Visual,1,Winter,,
2007-02-12,37.99,-75.22,Visual,1,Winter,,
2007-02-11,41.91,-69.78,Visual,1,Winter,,
2007-02-06,41.8,-69.62,Visual,1,Winter,,
2007-01-24,43.01,-70.08,Visual,1,Winter,,
2007-01-24,43.02,-69.98,Visual,1,Winter,,
2007-01-24,42.95,-70.12,Visual,1,Winter,,
2007-01-24,42.87,-70.15,Visual,1,Winter,,
2007-01-22,38.6,-75.07,Visual,1,Winter,,
2007-01-22,43.44,-68.37,Visual,1,Winter,,
2007-01-22,43.39,-68.39,Visual,1,Winter,,
2007-01-22,43.37,-68.32,Visual,1,Winter,,
2007-01-22,43.41,-68.32,Visual,1,Winter,,
2007-01-22,43.33,-68.35,Visual,1,Winter,,
2007-01-20,36.87,-75.93,Visual,1,Winter,,
2007-01-11,40.17,-73.98,Visual,1,Winter,,
2007-01-04,41.83,-70.32,Visual,1,Winter,,
2006-12-29,41.6,-69.65,Visual,1,Winter,,
2006-12-18,43.08,-69.92,Visual,1,Winter,,
2006-12-18,42.72,-70.02,Visual,1,Winter,,
2006-12-16,41.8,-70.34,Visual,1,Winter,,
2006-12-12,43.0,-70.11,Visual,1,Winter,,
2006-12-11,42.99,-70.08,Visual,1,Winter,,
2006-12-11,43.5,-68.33,Visual,1,Winter,,
2006-12-11,43.33,-68.6,Visual,1,Winter,,
2006-12-11,43.33,-68.55,Visual,1,Winter,,
2006-12-11,42.95,-70.07,Visual,1,Winter,,
2006-12-05,43.08,-70.24,Visual,1,Winter,,
2006-11-27,43.4,-68.53,Visual,1,Fall,,
2006-11-27,42.91,-70.21,Visual,1,Fall,,
2006-11-27,42.98,-70.18,Visual,1,Fall,,
2006-11-27,42.95,-70.02,Visual,1,Fall,,
2006-11-27,43.05,-69.82,Visual,1,Fall,,
2006-11-26,42.95,-70.22,Visual,1,Fall,,
2006-11-26,43.37,-68.48,Visual,1,Fall,,
2006-11-22,43.09,-70.17,Visual,1,Fall,,
2006-11-22,42.96,-70.32,Visual,1,Fall,,
2006-11-22,42.91,-70.32,Visual,1,Fall,,
2006-11-20,42.95,-70.28,Visual,1,Fall,,
2006-11-20,43.05,-70.26,Visual,1,Fall,,
2006-11-20,43.34,-68.54,Visual,1,Fall,,
2006-11-20,43.36,-69.05,Visual,1,Fall,,
2006-11-20,42.94,-70.25,Visual,1,Fall,,
2006-11-20,42.93,-70.27,Visual,1,Fall,,
2006-11-18,42.95,-70.3,Visual,1,Fall,,
2006-11-18,42.4,-69.25,Visual,1,Fall,,
2006-11-15,42.97,-70.02,Visual,1,Fall,,
2006-11-15,43.12,-70.14,Visual,1,Fall,,
2006-11-15,43.0,-70.2,Visual,1,Fall,,
2006-11-15,42.95,-70.26,Visual,1,Fall,,
2006-11-10,44.88,-66.8,Visual,1,Fall,,
2006-11-11,42.92,-70.27,Visual,1,Fall,,
2006-11-11,42.78,-70.3,Visual,1,Fall,,
2006-11-06,43.13,-70.17,Visual,1,Fall,,
2006-11-06,42.91,-70.34,Visual,1,Fall,,
2006-11-05,43.49,-68.46,Visual,1,Fall,,
2006-11-05,43.23,-69.85,Visual,1,Fall,,
2006-11-05,43.13,-70.17,Visual,1,Fall,,
2006-11-05,43.05,-69.84,Visual,1,Fall,,
2006-11-05,43.05,-70.11,Visual,1,Fall,,
2006-11-05,43.18,-70.21,Visual,1,Fall,,
2006-11-01,43.1,-69.99,Visual,1,Fall,,
2006-11-01,43.06,-70.01,Visual,1,Fall,,
2006-11-01,44.58,-66.68,Visual,1,Fall,,
2006-11-01,44.72,-66.55,Visual,1,Fall,,
2006-11-01,44.92,-66.52,Visual,1,Fall,,
2006-11-01,45.0,-66.68,Visual,1,Fall,,
2006-11-01,45.08,-66.59,Visual,1,Fall,,
2006-10-31,43.12,-69.96,Visual,1,Fall,,
2006-10-27,43.46,-70.09,Visual,1,Fall,,
2006-10-23,44.87,-66.75,Visual,1,Fall,,
2006-10-16,42.99,-70.29,Visual,1,Fall,,
2006-10-10,44.0,-68.03,Visual,1,Fall,,
2006-10-09,42.9,-70.32,Visual,1,Fall,,
2006-10-08,42.88,-70.4,Visual,1,Fall,,
2006-09-28,46.38,-57.19,Visual,1,Fall,,
2006-09-26,38.22,-75.03,Visual,1,Fall,,
2006-09-18,42.93,-65.15,Visual,1,Fall,,
2006-09-17,44.65,-66.48,Visual,1,Fall,,
2006-09-14,43.1,-65.02,Visual,1,Fall,,
2006-09-13,44.6,-66.5,Visual,1,Fall,,
2006-09-08,42.83,-65.42,Visual,1,Fall,,
2006-08-30,44.58,-66.52,Visual,1,Summer,,
2006-08-27,42.83,-65.68,Visual,1,Summer,,
2006-08-18,42.9,-65.26,Visual,1,Summer,,
2006-08-18,42.82,-65.68,Visual,1,Summer,,
2006-08-17,44.57,-66.55,Visual,1,Summer,,
2006-08-17,44.45,-66.53,Visual,1,Summer,,
2006-08-17,44.42,-66.67,Visual,1,Summer,,
2006-08-16,44.2,-66.57,Visual,1,Summer,,
2006-08-04,44.59,-66.57,Visual,1,Summer,,
2006-07-28,40.81,-67.13,Visual,1,Summer,,
2006-07-22,41.33,-71.52,Visual,1,Summer,,
2006-07-14,44.63,-66.49,Visual,1,Summer,,
2006-07-17,42.44,-70.49,Visual,1,Summer,,
2006-07-14,41.5,-69.6,Visual,1,Summer,,
2006-07-11,41.51,-70.64,Visual,1,Summer,,
2006-07-10,42.18,-70.34,Visual,1,Summer,,
2006-07-10,42.19,-70.33,Visual,1,Summer,,
2006-07-10,42.18,-70.33,Visual,1,Summer,,
2006-07-07,40.63,-73.28,Visual,1,Summer,,
2006-07-05,44.68,-66.53,Visual,1,Summer,,
2006-07-04,44.65,-66.52,Visual,1,Summer,,
2006-07-03,44.69,-66.45,Visual,1,Summer,,
2006-07-06,42.41,-70.47,Visual,1,Summer,,
2006-07-06,44.7,-66.52,Visual,1,Summer,,
2006-07-03,41.71,-68.98,Visual,1,Summer,,
2006-07-03,42.1,-68.76,Visual,1,Summer,,
2006-07-03,42.2,-68.64,Visual,1,Summer,,
2006-07-03,42.51,-70.57,Visual,1,Summer,,
2006-06-26,41.44,-69.34,Visual,1,Summer,,
2006-06-25,42.06,-70.26,Visual,1,Summer,,
2006-06-25,42.02,-70.23,Visual,1,Summer,,
2006-06-21,44.55,-66.38,Visual,1,Summer,,
2006-06-20,42.02,-70.21,Visual,1,Summer,,
2006-06-22,42.14,-70.26,Visual,1,Summer,,
2006-06-22,42.14,-70.24,Visual,1,Summer,,
2006-06-21,40.58,-72.37,Visual,1,Summer,,
2006-06-21,42.15,-70.25,Visual,1,Summer,,
2006-06-13,41.25,-68.98,Visual,1,Summer,,
2006-06-13,41.28,-68.89,Visual,1,Summer,,
2006-06-13,41.31,-68.94,Visual,1,Summer,,
2006-06-13,41.32,-69.25,Visual,1,Summer,,
2006-06-13,41.23,-68.95,Visual,1,Summer,,
2006-04-28,41.97,-70.28,Visual,1,Spring,,
2006-04-28,41.95,-70.28,Visual,1,Spring,,
2006-06-06,41.58,-68.53,Visual,1,Summer,,
2006-06-06,41.26,-69.0,Visual,1,Summer,,
2006-06-06,41.58,-68.51,Visual,1,Summer,,
2006-06-06,41.49,-68.58,Visual,1,Summer,,
2006-06-05,41.31,-69.0,Visual,1,Summer,,
2006-05-30,42.98,-69.1,Visual,1,Spring,,
2006-05-24,41.22,-68.95,Visual,1,Spring,,
2006-05-24,41.4,-68.45,Visual,1,Spring,,
2006-05-24,41.6,-68.63,Visual,1,Spring,,
2006-05-23,41.25,-68.98,Visual,1,Spring,,
2006-05-23,41.29,-68.98,Visual,1,Spring,,
2006-05-23,41.22,-68.97,Visual,1,Spring,,
2006-05-19,41.28,-69.03,Visual,1,Spring,,
2006-05-19,41.35,-69.33,Visual,1,Spring,,
2006-05-19,41.45,-69.4,Visual,1,Spring,,
2006-05-18,41.62,-69.53,Visual,1,Spring,,
2006-05-17,41.49,-68.7,Visual,1,Spring,,
2006-05-17,41.38,-69.05,Visual,1,Spring,,
2006-05-08,41.89,-70.46,Visual,1,Spring,,
2006-05-08,41.91,-70.48,Visual,1,Spring,,
2006-05-08,41.94,-70.48,Visual,1,Spring,,
2006-05-08,41.95,-70.46,Visual,1,Spring,,
2006-05-08,42.0,-70.47,Visual,1,Spring,,
2006-05-08,42.02,-70.51,Visual,1,Spring,,
2006-05-08,42.12,-70.32,Visual,1,Spring,,
2006-05-08,42.34,-70.33,Visual,1,Spring,,
2006-05-08,42.33,-70.32,Visual,1,Spring,,
2006-05-08,42.23,-70.33,Visual,1,Spring,,
2006-05-08,42.06,-70.56,Visual,1,Spring,,
2006-05-08,42.21,-70.22,Visual,1,Spring,,
2006-05-08,42.24,-70.18,Visual,1,Spring,,
2006-05-07,42.21,-70.22,Visual,1,Spring,,
2006-05-07,42.12,-70.25,Visual,1,Spring,,
2006-05-07,42.01,-70.59,Visual,1,Spring,,
2006-05-07,42.06,-70.57,Visual,1,Spring,,
2006-05-07,42.32,-70.31,Visual,1,Spring,,
2006-05-07,42.01,-70.56,Visual,1,Spring,,
2006-05-07,41.23,-69.08,Visual,1,Spring,,
2006-05-07,41.37,-68.88,Visual,1,Spring,,
2006-05-07,42.18,-69.0,Visual,1,Spring,,
2006-05-07,41.96,-69.44,Visual,1,Spring,,
2006-05-07,42.04,-70.25,Visual,1,Spring,,
2006-05-07,41.3,-69.15,Visual,1,Spring,,
2006-05-07,41.28,-68.98,Visual,1,Spring,,
2006-05-06,42.34,-70.33,Visual,1,Spring,,
2006-05-07,42.0,-70.57,Visual,1,Spring,,
2006-05-06,42.01,-70.58,Visual,1,Spring,,
2006-05-06,42.06,-70.56,Visual,1,Spring,,
2006-05-06,42.1,-70.56,Visual,1,Spring,,
2006-05-06,42.32,-70.37,Visual,1,Spring,,
2006-05-06,42.3,-70.37,Visual,1,Spring,,
2006-05-06,42.01,-70.54,Visual,1,Spring,,
2006-05-06,42.12,-70.32,Visual,1,Spring,,
2006-05-06,42.05,-70.53,Visual,1,Spring,,
2006-05-06,41.88,-70.42,Visual,1,Spring,,
2006-05-06,42.05,-70.14,Visual,1,Spring,,
2006-05-05,42.29,-70.3,Visual,1,Spring,,
2006-05-05,42.27,-70.32,Visual,1,Spring,,
2006-05-05,42.26,-70.35,Visual,1,Spring,,
2006-05-05,42.25,-70.21,Visual,1,Spring,,
2006-05-05,42.22,-69.86,Visual,1,Spring,,
2006-05-05,41.93,-70.33,Visual,1,Spring,,
2006-05-05,41.77,-70.44,Visual,1,Spring,,
2006-05-05,42.02,-70.44,Visual,1,Spring,,
2006-05-05,42.07,-70.43,Visual,1,Spring,,
2006-05-05,41.44,-67.8,Visual,1,Spring,,
2006-05-05,41.45,-67.67,Visual,1,Spring,,
2006-05-05,41.35,-67.61,Visual,1,Spring,,
2006-05-05,42.34,-69.89,Visual,1,Spring,,
2006-05-04,41.89,-70.41,Visual,1,Spring,,
2006-05-04,41.91,-70.41,Visual,1,Spring,,
2006-04-30,42.15,-70.39,Visual,1,Spring,,
2006-04-29,42.0,-70.38,Visual,1,Spring,,
2006-04-29,42.0,-70.36,Visual,1,Spring,,
2006-04-29,41.92,-70.31,Visual,1,Spring,,
2006-04-29,42.39,-70.39,Visual,1,Spring,,
2006-04-29,42.37,-70.47,Visual,1,Spring,,
2006-04-29,42.37,-70.43,Visual,1,Spring,,
2006-04-29,42.05,-70.24,Visual,1,Spring,,
2006-04-29,41.97,-70.19,Visual,1,Spring,,
2006-04-28,42.36,-70.37,Visual,1,Spring,,
2006-04-27,42.22,-70.3,Visual,1,Spring,,
2006-04-27,42.15,-70.3,Visual,1,Spring,,
2006-04-27,42.16,-70.34,Visual,1,Spring,,
2006-04-27,42.05,-70.25,Visual,1,Spring,,
2006-04-27,42.16,-70.3,Visual,1,Spring,,
2006-04-27,42.06,-70.25,Visual,1,Spring,,
2006-04-27,42.11,-70.19,Visual,1,Spring,,
2006-04-27,41.91,-70.31,Visual,1,Spring,,
2006-04-26,42.38,-70.42,Visual,1,Spring,,
2006-04-26,42.39,-70.35,Visual,1,Spring,,
2006-04-26,42.36,-70.31,Visual,1,Spring,,
2006-04-26,41.94,-70.34,Visual,1,Spring,,
2006-04-26,42.1,-70.29,Visual,1,Spring,,
2006-04-26,42.11,-70.16,Visual,1,Spring,,
2006-04-26,42.11,-70.28,Visual,1,Spring,,
2006-04-25,42.06,-70.25,Visual,1,Spring,,
2006-04-24,41.94,-70.42,Visual,1,Spring,,
2006-04-23,42.01,-70.19,Visual,1,Spring,,
2006-04-23,42.02,-70.2,Visual,1,Spring,,
2006-04-23,41.8,-70.51,Visual,1,Spring,,
2006-04-23,42.35,-70.33,Visual,1,Spring,,
2006-04-23,42.37,-70.44,Visual,1,Spring,,
2006-04-22,41.86,-70.46,Visual,1,Spring,,
2006-04-22,42.01,-70.56,Visual,1,Spring,,
2006-04-22,42.1,-70.2,Visual,1,Spring,,
2006-04-22,42.14,-70.3,Visual,1,Spring,,
2006-04-22,42.07,-70.25,Visual,1,Spring,,
2006-04-22,42.07,-70.26,Visual,1,Spring,,
2006-04-22,42.25,-70.32,Visual,1,Spring,,
2006-04-22,42.38,-70.36,Visual,1,Spring,,
2006-04-22,42.39,-70.4,Visual,1,Spring,,
2006-04-22,42.39,-70.37,Visual,1,Spring,,
2006-04-22,42.25,-70.33,Visual,1,Spring,,
2006-04-22,42.18,-70.28,Visual,1,Spring,,
2006-04-22,42.16,-70.28,Visual,1,Spring,,
2006-04-21,42.05,-70.24,Visual,1,Spring,,
2006-04-20,42.0,-70.22,Visual,1,Spring,,
2006-04-20,37.64,-74.44,Visual,1,Spring,,
2006-04-19,41.99,-70.24,Visual,1,Spring,,
2006-04-18,41.87,-70.44,Visual,1,Spring,,
2006-04-18,41.99,-70.19,Visual,1,Spring,,
2006-04-17,41.98,-70.18,Visual,1,Spring,,
2006-04-17,41.97,-70.2,Visual,1,Spring,,
2006-04-16,41.99,-70.19,Visual,1,Spring,,
2006-04-15,42.1,-70.17,Visual,1,Spring,,
2006-04-15,42.06,-70.26,Visual,1,Spring,,
2006-04-15,42.17,-70.24,Visual,1,Spring,,
2006-04-15,42.16,-70.34,Visual,1,Spring,,
2006-04-15,42.0,-70.21,Visual,1,Spring,,
2006-04-15,42.11,-70.2,Visual,1,Spring,,
2006-04-15,42.1,-70.22,Visual,1,Spring,,
2006-04-15,42.03,-70.21,Visual,1,Spring,,
2006-04-14,41.98,-70.29,Visual,1,Spring,,
2006-04-14,42.05,-70.24,Visual,1,Spring,,
2006-04-14,42.08,-70.24,Visual,1,Spring,,
2006-04-14,42.08,-70.27,Visual,1,Spring,,
2006-04-14,42.08,-70.34,Visual,1,Spring,,
2006-04-14,40.73,-69.28,Visual,1,Spring,,
2006-04-13,41.64,-69.58,Visual,1,Spring,,
2006-04-12,41.81,-69.59,Visual,1,Spring,,
2006-04-12,42.02,-70.27,Visual,1,Spring,,
2006-04-12,42.14,-70.21,Visual,1,Spring,,
2006-04-12,41.89,-69.9,Visual,1,Spring,,
2006-04-12,42.02,-70.3,Visual,1,Spring,,
2006-04-12,41.7,-69.48,Visual,1,Spring,,
2006-04-12,41.73,-69.73,Visual,1,Spring,,
2006-04-12,41.79,-70.29,Visual,1,Spring,,
2006-04-11,42.18,-69.76,Visual,1,Spring,,
2006-04-11,42.12,-70.14,Visual,1,Spring,,
2006-04-11,42.22,-69.86,Visual,1,Spring,,
2006-04-11,42.29,-69.8,Visual,1,Spring,,
2006-04-11,42.33,-69.98,Visual,1,Spring,,
2006-04-11,41.56,-67.38,Visual,1,Spring,,
2006-04-11,41.49,-69.47,Visual,1,Spring,,
2006-04-10,41.99,-69.9,Visual,1,Spring,,
2006-04-10,42.08,-70.41,Visual,1,Spring,,
2006-04-05,41.36,-69.39,Visual,1,Spring,,
2006-04-05,42.1,-69.98,Visual,1,Spring,,
2006-04-03,41.93,-69.94,Visual,1,Spring,,
2006-04-03,42.08,-70.23,Visual,1,Spring,,
2006-03-30,42.26,-69.92,Visual,1,Spring,,
2006-03-30,42.3,-70.01,Visual,1,Spring,,
2006-03-30,41.2,-70.42,Visual,1,Spring,,
2006-03-29,41.93,-70.43,Visual,1,Spring,,
2006-03-29,40.38,-67.9,Visual,1,Spring,,
2006-03-29,41.9,-69.77,Visual,1,Spring,,
2006-03-29,41.87,-69.77,Visual,1,Spring,,
2006-03-29,41.85,-69.64,Visual,1,Spring,,
2006-03-29,41.9,-69.64,Visual,1,Spring,,
2006-03-28,41.83,-70.45,Visual,1,Spring,,
2006-03-24,42.07,-69.95,Visual,1,Spring,,
2006-03-24,42.03,-70.29,Visual,1,Spring,,
2006-03-24,41.82,-70.31,Visual,1,Spring,,
2006-03-24,41.26,-67.57,Visual,1,Spring,,
2006-03-24,41.56,-69.13,Visual,1,Spring,,
2006-03-24,41.56,-69.49,Visual,1,Spring,,
2006-03-24,41.58,-69.6,Visual,1,Spring,,
2006-03-17,41.23,-69.31,Visual,1,Spring,,
2006-03-13,41.98,-70.42,Visual,1,Spring,,
2006-03-12,41.95,-70.36,Visual,1,Spring,,
2006-03-12,41.93,-70.28,Visual,1,Spring,,
2006-03-12,41.92,-70.41,Visual,1,Spring,,
2006-03-09,42.28,-69.75,Visual,1,Spring,,
2006-03-08,41.48,-71.28,Visual,1,Spring,,
2006-03-08,41.77,-70.42,Visual,1,Spring,,
2006-03-08,41.81,-70.31,Visual,1,Spring,,
2006-03-08,41.9,-70.45,Visual,1,Spring,,
2006-03-07,40.9,-71.78,Visual,1,Spring,,
2006-03-07,40.92,-72.24,Visual,1,Spring,,
2006-03-03,41.42,-69.45,Visual,1,Spring,,
2006-03-02,41.94,-70.24,Visual,1,Spring,,
2006-03-02,42.02,-70.27,Visual,1,Spring,,
2006-03-01,39.75,-74.08,Visual,1,Spring,,
2006-02-23,42.08,-69.94,Visual,1,Winter,,
2006-02-23,42.06,-70.01,Visual,1,Winter,,
2006-02-23,42.83,-69.13,Visual,1,Winter,,
2006-02-23,42.84,-69.15,Visual,1,Winter,,
2006-02-16,41.96,-70.18,Visual,1,Winter,,
2006-02-09,41.33,-71.41,Visual,1,Winter,,
2006-02-08,40.9,-72.25,Visual,1,Winter,,
2006-02-08,41.66,-69.36,Visual,1,Winter,,
2006-02-08,41.67,-69.38,Visual,1,Winter,,
2006-02-08,41.66,-69.66,Visual,1,Winter,,
2006-02-08,41.66,-69.64,Visual,1,Winter,,
2006-02-04,41.92,-70.35,Visual,1,Winter,,
2006-02-04,41.58,-69.56,Visual,1,Winter,,
2006-01-29,41.13,-69.32,Visual,1,Winter,,
2006-02-02,42.98,-69.43,Visual,1,Winter,,
2006-02-01,43.11,-69.33,Visual,1,Winter,,
2006-02-01,42.98,-69.4,Visual,1,Winter,,
2006-01-29,41.92,-70.19,Visual,1,Winter,,
2006-01-29,43.05,-69.41,Visual,1,Winter,,
2006-01-29,42.68,-70.12,Visual,1,Winter,,
2006-01-29,42.64,-69.96,Visual,1,Winter,,
2006-01-24,43.33,-68.43,Visual,1,Winter,,
2006-01-24,43.23,-68.77,Visual,1,Winter,,
2006-01-23,36.96,-76.01,Visual,1,Winter,,
2006-01-17,43.31,-68.41,Visual,1,Winter,,
2006-01-17,43.26,-68.47,Visual,1,Winter,,
2006-01-02,43.25,-68.71,Visual,1,Winter,,
2005-12-28,42.8,-70.29,Visual,1,Winter,,
2005-12-28,43.06,-69.23,Visual,1,Winter,,
2005-12-28,43.28,-68.6,Visual,1,Winter,,
2005-12-24,42.17,-69.63,Visual,1,Winter,,
2005-12-19,42.62,-70.58,Visual,1,Winter,,
2005-11-28,42.04,-70.13,Visual,1,Fall,,
2005-11-21,43.14,-70.07,Visual,1,Fall,,
2005-11-18,43.19,-68.77,Visual,1,Fall,,
2005-10-27,42.05,-70.02,Visual,1,Fall,,
2005-10-19,44.64,-66.47,Visual,1,Fall,,
2005-10-19,44.63,-66.45,Visual,1,Fall,,
2005-10-19,44.61,-66.43,Visual,1,Fall,,
2005-10-19,44.62,-66.42,Visual,1,Fall,,
2005-10-19,44.61,-66.41,Visual,1,Fall,,
2005-10-19,44.6,-66.4,Visual,1,Fall,,
2005-10-22,43.32,-69.49,Visual,1,Fall,,
2005-10-22,43.67,-68.17,Visual,1,Fall,,
2005-10-14,42.3,-70.05,Visual,1,Fall,,
2005-10-03,44.62,-66.47,Visual,1,Fall,,
2005-10-02,44.53,-66.52,Visual,1,Fall,,
2005-09-30,44.02,-68.01,Visual,1,Fall,,
2005-09-24,44.2,-66.87,Visual,1,Fall,,
2005-09-19,44.62,-66.65,Visual,1,Fall,,
2005-09-05,44.06,-67.74,Visual,1,Fall,,
2005-09-04,42.8,-65.67,Visual,1,Fall,,
2005-09-03,42.25,-70.17,Visual,1,Fall,,
2005-09-03,42.27,-70.18,Visual,1,Fall,,
2005-09-03,42.25,-70.18,Visual,1,Fall,,
2005-08-29,44.02,-67.62,Visual,1,Summer,,
2005-08-29,43.95,-67.57,Visual,1,Summer,,
2005-08-27,42.78,-65.5,Visual,1,Summer,,
2005-08-20,41.79,-70.09,Visual,1,Summer,,
2005-08-23,42.4,-70.49,Visual,1,Summer,,
2005-08-19,44.63,-66.43,Visual,1,Summer,,
2005-08-21,42.04,-70.16,Visual,1,Summer,,
2005-08-20,42.49,-70.54,Visual,1,Summer,,
2005-08-20,41.85,-70.09,Visual,1,Summer,,
2005-08-11,42.48,-70.4,Visual,1,Summer,,
2005-08-11,42.42,-70.18,Visual,1,Summer,,
2005-08-10,42.41,-70.22,Visual,1,Summer,,
2005-08-10,42.53,-70.43,Visual,1,Summer,,
2005-08-09,42.58,-70.43,Visual,1,Summer,,
2005-08-09,42.9,-65.49,Visual,1,Summer,,
2005-08-09,42.91,-65.5,Visual,1,Summer,,
2005-08-09,42.54,-70.43,Visual,1,Summer,,
2005-08-09,42.54,-70.45,Visual,1,Summer,,
2005-08-08,41.55,-65.97,Visual,1,Summer,,
2005-08-08,41.42,-66.0,Visual,1,Summer,,
2005-08-08,41.52,-66.13,Visual,1,Summer,,
2005-08-08,41.53,-66.03,Visual,1,Summer,,
2005-08-08,42.54,-70.44,Visual,1,Summer,,
2005-08-07,42.52,-70.42,Visual,1,Summer,,
2005-08-07,42.7,-70.5,Visual,1,Summer,,
2005-08-06,44.6,-66.47,Visual,1,Summer,,
2005-08-06,41.5,-66.04,Visual,1,Summer,,
2005-08-05,42.57,-70.43,Visual,1,Summer,,
2005-08-04,42.28,-70.23,Visual,1,Summer,,
2005-08-04,42.17,-70.14,Visual,1,Summer,,
2005-08-04,41.95,-68.82,Visual,1,Summer,,
2005-08-03,44.66,-66.48,Visual,1,Summer,,
2005-08-03,44.53,-66.45,Visual,1,Summer,,
2005-08-03,42.13,-70.08,Visual,1,Summer,,
2005-08-02,41.59,-69.27,Visual,1,Summer,,
2005-08-02,41.56,-69.31,Visual,1,Summer,,
2005-08-01,42.85,-65.55,Visual,1,Summer,,
2005-07-31,42.9,-65.3,Visual,1,Summer,,
2005-07-31,42.97,-65.38,Visual,1,Summer,,
2005-07-31,42.8,-65.33,Visual,1,Summer,,
2005-07-30,42.08,-65.95,Visual,1,Summer,,
2005-07-31,42.4,-70.5,Visual,1,Summer,,
2005-07-29,41.46,-66.05,Visual,1,Summer,,
2005-07-30,43.13,-70.26,Visual,1,Summer,,
2005-07-30,42.92,-70.5,Visual,1,Summer,,
2005-07-29,42.4,-70.43,Visual,1,Summer,,
2005-07-29,42.4,-70.45,Visual,1,Summer,,
2005-07-29,42.28,-70.26,Visual,1,Summer,,
2005-07-29,42.69,-70.72,Visual,1,Summer,,
2005-07-29,42.53,-69.09,Visual,1,Summer,,
2005-07-28,42.42,-70.45,Visual,1,Summer,,
2005-07-28,42.87,-70.47,Visual,1,Summer,,
2005-07-28,42.41,-70.5,Visual,1,Summer,,
2005-07-27,42.44,-70.46,Visual,1,Summer,,
2005-07-26,42.41,-70.47,Visual,1,Summer,,
2005-07-26,42.42,-70.48,Visual,1,Summer,,
2005-07-26,42.32,-70.05,Visual,1,Summer,,
2005-07-26,42.34,-70.11,Visual,1,Summer,,
2005-07-26,42.33,-70.07,Visual,1,Summer,,
2005-07-24,42.37,-70.48,Visual,1,Summer,,
2005-07-24,42.37,-70.45,Visual,1,Summer,,
2005-07-21,41.46,-69.14,Visual,1,Summer,,
2005-07-22,41.91,-70.18,Visual,1,Summer,,
2005-07-22,42.91,-70.47,Visual,1,Summer,,
2005-07-22,43.19,-70.01,Visual,1,Summer,,
2005-07-21,42.38,-70.46,Visual,1,Summer,,
2005-07-21,41.69,-69.75,Visual,1,Summer,,
2005-07-21,42.37,-70.46,Visual,1,Summer,,
2005-07-20,41.33,-69.29,Visual,1,Summer,,
2005-07-20,41.36,-69.12,Visual,1,Summer,,
2005-07-20,42.26,-70.27,Visual,1,Summer,,
2005-07-20,41.27,-69.15,Visual,1,Summer,,
2005-07-20,41.33,-68.87,Visual,1,Summer,,
2005-07-20,42.3,-70.32,Visual,1,Summer,,
2005-07-20,42.3,-70.31,Visual,1,Summer,,
2005-07-19,42.28,-70.3,Visual,1,Summer,,
2005-07-19,42.15,-70.27,Visual,1,Summer,,
2005-07-18,41.47,-68.65,Visual,1,Summer,,
2005-07-18,42.16,-70.1,Visual,1,Summer,,
2005-07-17,41.23,-69.19,Visual,1,Summer,,
2005-07-17,41.33,-68.92,Visual,1,Summer,,
2005-07-17,41.42,-68.72,Visual,1,Summer,,
2005-07-17,41.63,-68.43,Visual,1,Summer,,
2005-07-17,41.33,-69.14,Visual,1,Summer,,
2005-07-17,43.0,-70.23,Visual,1,Summer,,
2005-07-15,43.11,-70.06,Visual,1,Summer,,
2005-07-15,42.14,-70.02,Visual,1,Summer,,
2005-07-13,44.61,-66.64,Visual,1,Summer,,
2005-07-14,41.37,-68.83,Visual,1,Summer,,
2005-07-13,41.38,-68.9,Visual,1,Summer,,
2005-07-13,41.3,-68.97,Visual,1,Summer,,
2005-07-12,41.3,-69.0,Visual,1,Summer,,
2005-07-12,41.75,-68.57,Visual,1,Summer,,
2005-07-11,41.27,-69.01,Visual,1,Summer,,
2005-07-08,44.57,-66.61,Visual,1,Summer,,
2005-07-08,42.66,-70.46,Visual,1,Summer,,
2005-07-09,41.52,-69.33,Visual,1,Summer,,
2005-07-04,43.14,-70.01,Visual,1,Summer,,
2005-06-25,41.04,-69.03,Visual,1,Summer,,
2005-06-21,41.6,-68.35,Visual,1,Summer,,
2005-06-21,41.97,-68.67,Visual,1,Summer,,
2005-06-21,41.97,-67.87,Visual,1,Summer,,
2005-06-20,42.0,-68.72,Visual,1,Summer,,
2005-06-09,41.96,-69.12,Visual,1,Summer,,
2005-06-09,42.05,-68.9,Visual,1,Summer,,
2005-06-09,42.01,-69.04,Visual,1,Summer,,
2005-06-09,42.0,-68.9,Visual,1,Summer,,
2005-06-08,41.24,-68.9,Visual,1,Summer,,
2005-06-08,41.85,-69.0,Visual,1,Summer,,
2005-06-08,41.92,-68.7,Visual,1,Summer,,
2005-06-08,41.38,-68.66,Visual,1,Summer,,
2005-06-08,41.47,-68.7,Visual,1,Summer,,
2005-06-08,41.72,-68.58,Visual,1,Summer,,
2005-06-08,41.8,-68.36,Visual,1,Summer,,
2005-06-08,41.93,-68.54,Visual,1,Summer,,
2005-06-08,41.72,-68.92,Visual,1,Summer,,
2005-06-02,41.28,-68.87,Visual,1,Summer,,
2005-06-02,41.09,-68.96,Visual,1,Summer,,
2005-05-31,41.02,-69.08,Visual,1,Spring,,
2005-05-20,41.15,-69.03,Visual,1,Spring,,
2005-05-19,41.2,-69.17,Visual,1,Spring,,
2005-05-19,41.29,-69.2,Visual,1,Spring,,
2005-05-19,41.33,-68.82,Visual,1,Spring,,
2005-05-19,41.35,-68.6,Visual,1,Spring,,
2005-05-18,41.32,-69.22,Visual,1,Spring,,
2005-05-18,41.3,-69.2,Visual,1,Spring,,
2005-05-18,41.28,-69.18,Visual,1,Spring,,
2005-05-18,41.27,-69.19,Visual,1,Spring,,
2005-05-18,41.26,-69.19,Visual,1,Spring,,
2005-05-18,41.18,-69.22,Visual,1,Spring,,
2005-05-18,41.24,-69.19,Visual,1,Spring,,
2005-05-18,41.2,-68.98,Visual,1,Spring,,
2005-05-18,41.21,-68.98,Visual,1,Spring,,
2005-05-18,41.24,-68.98,Visual,1,Spring,,
2005-05-18,41.27,-68.98,Visual,1,Spring,,
2005-05-18,41.27,-69.2,Visual,1,Spring,,
2005-05-17,41.25,-69.18,Visual,1,Spring,,
2005-05-17,41.29,-69.18,Visual,1,Spring,,
2005-05-17,41.9,-69.81,Visual,1,Spring,,
2005-05-14,41.28,-69.08,Visual,1,Spring,,
2005-05-14,41.28,-69.06,Visual,1,Spring,,
2005-05-14,41.25,-69.03,Visual,1,Spring,,
2005-05-14,41.28,-68.96,Visual,1,Spring,,
2005-05-14,41.24,-68.9,Visual,1,Spring,,
2005-05-14,42.02,-68.22,Visual,1,Spring,,
2005-05-13,41.15,-69.0,Visual,1,Spring,,
2005-05-13,41.21,-68.95,Visual,1,Spring,,
2005-05-13,41.21,-69.0,Visual,1,Spring,,
2005-05-13,41.21,-68.97,Visual,1,Spring,,
2005-05-13,41.24,-68.97,Visual,1,Spring,,
2005-05-13,41.25,-69.02,Visual,1,Spring,,
2005-05-13,41.29,-68.99,Visual,1,Spring,,
2005-05-06,42.26,-69.94,Visual,1,Spring,,
2005-05-06,41.47,-69.03,Visual,1,Spring,,
2005-05-06,41.39,-69.09,Visual,1,Spring,,
2005-05-06,41.37,-69.06,Visual,1,Spring,,
2005-05-05,41.28,-69.37,Visual,1,Spring,,
2005-05-05,41.28,-69.13,Visual,1,Spring,,
2005-05-05,41.62,-68.9,Visual,1,Spring,,
2005-05-05,41.62,-69.6,Visual,1,Spring,,
2005-05-05,42.15,-69.92,Visual,1,Spring,,
2005-05-04,41.23,-69.28,Visual,1,Spring,,
2005-05-04,41.42,-69.32,Visual,1,Spring,,
2005-05-04,41.4,-69.17,Visual,1,Spring,,
2005-05-04,41.55,-68.98,Visual,1,Spring,,
2005-05-04,41.67,-68.82,Visual,1,Spring,,
2005-05-04,41.77,-68.54,Visual,1,Spring,,
2005-05-04,41.48,-69.5,Visual,1,Spring,,
2005-05-04,41.87,-68.78,Visual,1,Spring,,
2005-05-04,41.32,-69.44,Visual,1,Spring,,
2005-05-04,41.37,-69.17,Visual,1,Spring,,
2005-05-04,41.41,-69.17,Visual,1,Spring,,
2005-05-04,41.41,-69.14,Visual,1,Spring,,
2005-05-04,41.47,-69.03,Visual,1,Spring,,
2005-05-04,41.54,-68.61,Visual,1,Spring,,
2005-05-04,41.42,-68.88,Visual,1,Spring,,
2005-05-04,41.36,-68.98,Visual,1,Spring,,
2005-05-04,41.31,-69.08,Visual,1,Spring,,
2005-05-04,41.28,-69.14,Visual,1,Spring,,
2005-05-04,41.32,-69.24,Visual,1,Spring,,
2005-05-04,41.26,-69.26,Visual,1,Spring,,
2005-05-04,41.21,-69.41,Visual,1,Spring,,
2005-05-04,41.2,-69.26,Visual,1,Spring,,
2005-05-04,41.32,-68.92,Visual,1,Spring,,
2005-05-04,42.0,-69.03,Visual,1,Spring,,
2005-05-03,41.29,-68.82,Visual,1,Spring,,
2005-05-03,41.33,-68.84,Visual,1,Spring,,
2005-05-03,41.29,-69.22,Visual,1,Spring,,
2005-05-03,41.95,-69.74,Visual,1,Spring,,
2005-05-03,41.29,-69.3,Visual,1,Spring,,
2005-05-02,41.49,-68.99,Visual,1,Spring,,
2005-05-02,41.49,-69.02,Visual,1,Spring,,
2005-05-02,41.47,-69.06,Visual,1,Spring,,
2005-05-02,41.47,-69.11,Visual,1,Spring,,
2005-05-02,41.57,-69.49,Visual,1,Spring,,
2005-05-02,41.52,-69.36,Visual,1,Spring,,
2005-05-02,41.4,-69.42,Visual,1,Spring,,
2005-05-02,41.26,-69.22,Visual,1,Spring,,
2005-05-02,41.33,-69.33,Visual,1,Spring,,
2005-05-02,41.49,-69.29,Visual,1,Spring,,
2005-05-02,41.49,-69.63,Visual,1,Spring,,
2005-05-01,42.02,-70.27,Visual,1,Spring,,
2005-04-30,42.05,-70.25,Visual,1,Spring,,
2005-04-30,42.02,-70.15,Visual,1,Spring,,
2005-04-28,41.98,-70.24,Visual,1,Spring,,
2005-04-26,41.8,-70.2,Visual,1,Spring,,
2005-04-26,42.01,-70.14,Visual,1,Spring,,
2005-04-23,42.04,-70.24,Visual,1,Spring,,
2005-04-23,42.11,-70.16,Visual,1,Spring,,
2005-04-23,42.03,-70.22,Visual,1,Spring,,
2005-04-22,41.63,-69.83,Visual,1,Spring,,
2005-04-22,41.6,-69.58,Visual,1,Spring,,
2005-04-22,41.53,-69.37,Visual,1,Spring,,
2005-04-22,41.55,-69.53,Visual,1,Spring,,
2005-04-22,41.45,-69.27,Visual,1,Spring,,
2005-04-22,41.57,-68.9,Visual,1,Spring,,
2005-04-22,41.35,-69.3,Visual,1,Spring,,
2005-04-22,41.23,-69.4,Visual,1,Spring,,
2005-04-22,41.23,-69.23,Visual,1,Spring,,
2005-04-22,41.68,-69.88,Visual,1,Spring,,
2005-04-22,41.75,-69.87,Visual,1,Spring,,
2005-04-22,41.83,-70.25,Visual,1,Spring,,
2005-04-22,42.02,-70.2,Visual,1,Spring,,
2005-04-22,41.91,-70.16,Visual,1,Spring,,
2005-04-19,41.22,-69.43,Visual,1,Spring,,
2005-04-19,41.64,-69.49,Visual,1,Spring,,
2005-04-19,41.72,-69.52,Visual,1,Spring,,
2005-04-19,42.05,-70.04,Visual,1,Spring,,
2005-04-19,41.78,-70.47,Visual,1,Spring,,
2005-04-19,41.78,-70.46,Visual,1,Spring,,
2005-04-18,42.02,-70.0,Visual,1,Spring,,
2005-04-18,42.05,-70.05,Visual,1,Spring,,
2005-04-17,41.92,-69.96,Visual,1,Spring,,
2005-04-17,42.02,-70.02,Visual,1,Spring,,
2005-04-17,41.75,-70.33,Visual,1,Spring,,
2005-04-17,42.05,-70.04,Visual,1,Spring,,
2005-04-17,41.24,-69.49,Visual,1,Spring,,
2005-04-17,41.25,-69.41,Visual,1,Spring,,
2005-04-17,41.56,-69.24,Visual,1,Spring,,
2005-04-17,41.55,-69.33,Visual,1,Spring,,
2005-04-17,41.57,-69.38,Visual,1,Spring,,
2005-04-17,41.57,-69.42,Visual,1,Spring,,
2005-04-17,41.58,-69.55,Visual,1,Spring,,
2005-04-16,41.87,-69.94,Visual,1,Spring,,
2005-04-16,42.08,-70.12,Visual,1,Spring,,
2005-04-16,41.82,-70.31,Visual,1,Spring,,
2005-04-13,42.02,-70.21,Visual,1,Spring,,
2005-04-13,41.89,-70.44,Visual,1,Spring,,
2005-04-13,42.02,-70.14,Visual,1,Spring,,
2005-04-10,41.84,-70.24,Visual,1,Spring,,
2005-04-10,41.89,-70.18,Visual,1,Spring,,
2005-04-10,42.02,-70.2,Visual,1,Spring,,
2005-04-10,42.08,-69.99,Visual,1,Spring,,
2005-04-09,42.08,-70.23,Visual,1,Spring,,
2005-04-09,42.07,-70.26,Visual,1,Spring,,
2005-04-06,41.9,-70.12,Visual,1,Spring,,
2005-04-06,41.86,-70.27,Visual,1,Spring,,
2005-04-06,41.98,-70.39,Visual,1,Spring,,
2005-04-06,42.4,-70.28,Visual,1,Spring,,
2005-04-05,41.52,-69.62,Visual,1,Spring,,
2005-04-05,42.08,-70.39,Visual,1,Spring,,
2005-04-05,41.98,-70.14,Visual,1,Spring,,
2005-04-05,41.85,-70.32,Visual,1,Spring,,
2005-04-01,42.05,-70.24,Visual,1,Spring,,
2005-04-01,41.81,-70.32,Visual,1,Spring,,
2005-04-01,41.8,-70.38,Visual,1,Spring,,
2005-03-31,42.5,-69.88,Visual,1,Spring,,
2005-03-27,41.92,-70.34,Visual,1,Spring,,
2005-03-27,41.81,-70.29,Visual,1,Spring,,
2005-03-27,41.79,-70.37,Visual,1,Spring,,
2005-03-26,41.84,-69.7,Visual,1,Spring,,
2005-03-26,42.1,-69.68,Visual,1,Spring,,
2005-03-26,42.1,-70.03,Visual,1,Spring,,
2005-03-26,41.84,-70.35,Visual,1,Spring,,
2005-03-26,41.89,-70.3,Visual,1,Spring,,
2005-03-26,42.04,-70.36,Visual,1,Spring,,
2005-03-26,41.99,-69.99,Visual,1,Spring,,
2005-03-23,41.86,-70.22,Visual,1,Spring,,
2005-03-23,41.92,-69.95,Visual,1,Spring,,
2005-03-23,41.87,-70.22,Visual,1,Spring,,
2005-03-23,41.86,-70.23,Visual,1,Spring,,
2005-03-22,42.02,-69.94,Visual,1,Spring,,
2005-03-22,42.03,-70.01,Visual,1,Spring,,
2005-03-22,42.13,-70.59,Visual,1,Spring,,
2005-03-22,41.9,-70.48,Visual,1,Spring,,
2005-03-22,43.08,-70.0,Visual,1,Spring,,
2005-03-20,41.78,-70.37,Visual,1,Spring,,
2005-03-20,41.89,-70.38,Visual,1,Spring,,
2005-03-20,42.2,-69.85,Visual,1,Spring,,
2005-03-20,42.18,-69.81,Visual,1,Spring,,
2005-03-18,41.85,-70.37,Visual,1,Spring,,
2005-03-18,41.84,-70.34,Visual,1,Spring,,
2005-03-13,40.75,-71.58,Visual,1,Spring,,
2005-03-11,41.9,-70.23,Visual,1,Spring,,
2005-03-10,42.02,-70.37,Visual,1,Spring,,
2005-03-10,41.98,-70.2,Visual,1,Spring,,
2005-03-07,41.87,-70.33,Visual,1,Spring,,
2005-03-07,41.89,-70.33,Visual,1,Spring,,
2005-03-07,41.85,-70.28,Visual,1,Spring,,
2005-03-06,41.95,-68.73,Visual,1,Spring,,
2005-03-06,41.95,-70.42,Visual,1,Spring,,
2005-03-05,42.1,-70.38,Visual,1,Spring,,
2005-03-05,41.93,-70.37,Visual,1,Spring,,
2005-03-05,41.94,-70.35,Visual,1,Spring,,
2005-02-28,41.99,-70.35,Visual,1,Winter,,
2005-02-28,41.83,-70.35,Visual,1,Winter,,
2005-02-26,41.81,-70.32,Visual,1,Winter,,
2005-02-26,41.82,-70.33,Visual,1,Winter,,
2005-02-17,41.86,-70.27,Visual,1,Winter,,
2005-02-09,38.24,-74.44,Visual,1,Winter,,
2005-02-08,39.33,-73.67,Visual,1,Winter,,
2005-02-09,41.78,-70.27,Visual,1,Winter,,
2005-02-08,42.03,-70.23,Visual,1,Winter,,
2005-02-08,42.08,-69.72,Visual,1,Winter,,
2005-02-08,41.43,-69.65,Visual,1,Winter,,
2005-02-07,41.79,-70.22,Visual,1,Winter,,
2005-02-07,41.83,-70.25,Visual,1,Winter,,
2005-02-02,42.61,-69.92,Visual,1,Winter,,
2005-02-02,41.83,-70.25,Visual,1,Winter,,
2005-02-02,41.79,-70.24,Visual,1,Winter,,
2005-02-01,41.78,-70.23,Visual,1,Winter,,
2005-02-01,41.82,-70.22,Visual,1,Winter,,
2005-02-01,41.84,-70.29,Visual,1,Winter,,
2005-01-30,41.86,-70.23,Visual,1,Winter,,
2005-01-30,42.06,-69.92,Visual,1,Winter,,
2005-01-30,41.97,-69.88,Visual,1,Winter,,
2005-01-30,43.11,-68.58,Visual,1,Winter,,
2005-01-30,43.1,-68.59,Visual,1,Winter,,
2005-01-30,43.12,-68.59,Visual,1,Winter,,
2005-01-15,43.44,-67.82,Visual,1,Winter,,
2005-01-15,43.43,-68.05,Visual,1,Winter,,
2005-01-15,43.42,-68.15,Visual,1,Winter,,
2005-01-04,43.35,-68.3,Visual,1,Winter,,
2005-01-04,43.47,-68.12,Visual,1,Winter,,
2005-01-02,41.48,-69.08,Visual,1,Winter,,
2004-11-27,42.65,-70.42,Visual,1,Fall,,
2004-11-27,42.71,-70.36,Visual,1,Fall,,
2004-11-27,42.81,-70.32,Visual,1,Fall,,
2004-11-23,42.65,-69.36,Visual,1,Fall,,
2004-11-23,42.67,-69.38,Visual,1,Fall,,
2004-11-23,42.03,-70.03,Visual,1,Fall,,
2004-11-23,42.65,-70.31,Visual,1,Fall,,
2004-11-23,42.65,-70.3,Visual,1,Fall,,
2004-11-23,42.66,-70.29,Visual,1,Fall,,
2004-11-23,42.85,-70.34,Visual,1,Fall,,
2004-11-23,42.77,-70.34,Visual,1,Fall,,
2004-11-19,42.85,-70.37,Visual,1,Fall,,
2004-11-19,42.87,-70.22,Visual,1,Fall,,
2004-11-19,42.87,-70.53,Visual,1,Fall,,
2004-11-18,42.86,-70.26,Visual,1,Fall,,
2004-11-18,42.9,-70.13,Visual,1,Fall,,
2004-11-18,42.86,-70.25,Visual,1,Fall,,
2004-11-18,42.88,-70.29,Visual,1,Fall,,
2004-11-16,42.85,-70.39,Visual,1,Fall,,
2004-11-16,43.0,-70.26,Visual,1,Fall,,
2004-11-10,43.02,-70.16,Visual,1,Fall,,
2004-11-10,39.67,-71.58,Visual,1,Fall,,
2004-11-04,42.06,-69.79,Visual,1,Fall,,
2004-11-02,43.03,-70.16,Visual,1,Fall,,
2004-11-02,43.27,-68.41,Visual,1,Fall,,
2004-11-02,40.53,-74.0,Visual,1,Fall,,
2004-10-19,44.53,-66.33,Visual,1,Fall,,
2004-10-19,42.4,-70.54,Visual,1,Fall,,
2004-10-17,42.7,-70.37,Visual,1,Fall,,
2004-10-17,42.71,-70.35,Visual,1,Fall,,
2004-10-14,42.96,-70.23,Visual,1,Fall,,
2004-10-13,43.07,-70.2,Visual,1,Fall,,
2004-10-13,43.07,-69.97,Visual,1,Fall,,
2004-10-13,41.27,-69.18,Visual,1,Fall,,
2004-10-10,41.39,-70.12,Visual,1,Fall,,
2004-10-06,42.99,-70.19,Visual,1,Fall,,
2004-10-06,42.98,-70.18,Visual,1,Fall,,
2004-09-23,43.87,-68.03,Visual,1,Fall,,
2004-09-23,43.87,-68.05,Visual,1,Fall,,
2004-09-23,43.87,-68.04,Visual,1,Fall,,
2004-09-22,43.96,-68.03,Visual,1,Fall,,
2004-09-22,43.95,-68.05,Visual,1,Fall,,
2004-09-21,43.99,-68.04,Visual,1,Fall,,
2004-09-21,44.0,-68.02,Visual,1,Fall,,
2004-09-20,43.4,-69.4,Visual,1,Fall,,
2004-09-15,42.83,-65.57,Visual,1,Fall,,
2004-09-13,43.98,-68.03,Visual,1,Fall,,
2004-09-12,44.68,-66.45,Visual,1,Fall,,
2004-09-06,42.82,-65.6,Visual,1,Fall,,
2004-09-05,40.48,-74.0,Visual,1,Fall,,
2004-09-04,42.02,-70.18,Visual,1,Fall,,
2004-09-04,42.17,-70.18,Visual,1,Fall,,
2004-08-26,42.83,-65.38,Visual,1,Summer,,
2004-08-25,44.62,-66.48,Visual,1,Summer,,
2004-08-25,42.14,-70.01,Visual,1,Summer,,
2004-08-23,41.5,-69.47,Visual,1,Summer,,
2004-08-19,41.53,-69.52,Visual,1,Summer,,
2004-08-18,41.44,-69.57,Visual,1,Summer,,
2004-08-18,41.7,-69.75,Visual,1,Summer,,
2004-08-17,42.45,-69.03,Visual,1,Summer,,
2004-08-17,42.92,-69.0,Visual,1,Summer,,
2004-08-17,41.72,-69.59,Visual,1,Summer,,
2004-08-17,43.96,-67.01,Visual,1,Summer,,
2004-08-16,43.94,-66.94,Visual,1,Summer,,
2004-08-14,42.62,-70.42,Visual,1,Summer,,
2004-08-14,42.66,-70.38,Visual,1,Summer,,
2004-08-14,42.66,-70.39,Visual,1,Summer,,
2004-08-12,41.25,-69.3,Visual,1,Summer,,
2004-08-10,41.25,-68.3,Visual,1,Summer,,
2004-08-09,42.65,-70.44,Visual,1,Summer,,
2004-08-05,42.85,-65.7,Visual,1,Summer,,
2004-08-05,42.88,-66.13,Visual,1,Summer,,
2004-08-05,42.82,-66.18,Visual,1,Summer,,
2004-08-05,41.45,-69.42,Visual,1,Summer,,
2004-08-05,44.1,-67.81,Visual,1,Summer,,
2004-08-04,44.02,-67.03,Visual,1,Summer,,
2004-08-04,41.53,-69.53,Visual,1,Summer,,
2004-08-03,42.2,-67.24,Visual,1,Summer,,
2004-07-28,41.52,-65.98,Visual,1,Summer,,
2004-07-27,41.4,-69.36,Visual,1,Summer,,
2004-07-26,43.35,-69.5,Visual,1,Summer,,
2004-07-21,42.3,-70.73,Visual,1,Summer,,
2004-07-16,42.24,-70.51,Visual,1,Summer,,
2004-07-16,42.23,-70.51,Visual,1,Summer,,
2004-07-16,42.23,-70.54,Visual,1,Summer,,
2004-07-16,42.25,-70.53,Visual,1,Summer,,
2004-07-12,41.55,-69.4,Visual,1,Summer,,
2004-07-12,41.53,-69.64,Visual,1,Summer,,
2004-07-10,42.14,-68.41,Visual,1,Summer,,
2004-07-11,41.55,-68.64,Visual,1,Summer,,
2004-07-11,42.52,-70.41,Visual,1,Summer,,
2004-07-10,41.45,-68.6,Visual,1,Summer,,
2004-06-30,42.2,-67.55,Visual,1,Summer,,
2004-06-30,43.11,-69.52,Visual,1,Summer,,
2004-06-28,41.81,-68.64,Visual,1,Summer,,
2004-06-28,41.8,-68.61,Visual,1,Summer,,
2004-06-28,42.16,-67.64,Visual,1,Summer,,
2004-06-28,41.78,-68.6,Visual,1,Summer,,
2004-06-28,41.81,-68.54,Visual,1,Summer,,
2004-06-27,42.67,-69.26,Visual,1,Summer,,
2004-06-21,42.03,-69.95,Visual,1,Summer,,
2004-06-21,42.02,-69.93,Visual,1,Summer,,
2004-06-21,42.05,-69.95,Visual,1,Summer,,
2004-06-20,42.48,-70.21,Visual,1,Summer,,
2004-06-19,42.23,-70.19,Visual,1,Summer,,
2004-06-19,42.14,-70.28,Visual,1,Summer,,
2004-05-26,41.18,-69.06,Visual,1,Spring,,
2004-06-13,44.42,-66.7,Visual,1,Summer,,
2004-06-10,41.62,-69.6,Visual,1,Summer,,
2004-06-10,41.25,-68.98,Visual,1,Summer,,
2004-06-10,41.25,-68.9,Visual,1,Summer,,
2004-06-10,41.53,-68.63,Visual,1,Summer,,
2004-06-10,42.2,-67.8,Visual,1,Summer,,
2004-06-04,41.25,-69.22,Visual,1,Summer,,
2004-06-04,41.78,-68.42,Visual,1,Summer,,
2004-06-04,41.83,-68.73,Visual,1,Summer,,
2004-06-03,41.47,-69.1,Visual,1,Summer,,
2004-06-03,41.47,-68.75,Visual,1,Summer,,
2004-05-31,41.27,-69.14,Visual,1,Spring,,
2004-05-20,41.2,-69.0,Visual,1,Spring,,
2004-05-20,41.19,-69.07,Visual,1,Spring,,
2004-05-19,41.65,-69.69,Visual,1,Spring,,
2004-05-19,41.19,-69.13,Visual,1,Spring,,
2004-05-19,41.19,-69.07,Visual,1,Spring,,
2004-05-19,41.19,-69.01,Visual,1,Spring,,
2004-05-19,41.19,-69.0,Visual,1,Spring,,
2004-05-19,41.19,-68.95,Visual,1,Spring,,
2004-05-19,41.19,-68.93,Visual,1,Spring,,
2004-05-19,41.19,-68.85,Visual,1,Spring,,
2004-05-17,41.35,-69.22,Visual,1,Spring,,
2004-05-17,41.35,-69.14,Visual,1,Spring,,
2004-05-17,41.35,-69.13,Visual,1,Spring,,
2004-05-17,41.35,-69.34,Visual,1,Spring,,
2004-05-17,41.32,-69.29,Visual,1,Spring,,
2004-05-17,41.29,-69.23,Visual,1,Spring,,
2004-05-17,41.29,-69.07,Visual,1,Spring,,
2004-05-17,41.29,-69.03,Visual,1,Spring,,
2004-05-17,41.3,-68.92,Visual,1,Spring,,
2004-05-17,41.3,-68.9,Visual,1,Spring,,
2004-05-16,41.69,-69.28,Visual,1,Spring,,
2004-05-13,41.35,-69.07,Visual,1,Spring,,
2004-05-13,41.35,-69.13,Visual,1,Spring,,
2004-05-13,41.35,-69.23,Visual,1,Spring,,
2004-05-12,41.36,-69.24,Visual,1,Spring,,
2004-05-12,41.35,-69.19,Visual,1,Spring,,
2004-05-12,41.32,-69.2,Visual,1,Spring,,
2004-05-12,41.3,-69.18,Visual,1,Spring,,
2004-05-11,41.3,-68.97,Visual,1,Spring,,
2004-05-11,41.3,-69.03,Visual,1,Spring,,
2004-05-11,41.3,-69.05,Visual,1,Spring,,
2004-05-11,41.3,-69.12,Visual,1,Spring,,
2004-05-11,41.3,-69.13,Visual,1,Spring,,
2004-05-11,41.3,-69.2,Visual,1,Spring,,
2004-05-11,41.3,-69.26,Visual,1,Spring,,
2004-05-11,41.48,-68.88,Visual,1,Spring,,
2004-05-10,41.81,-70.37,Visual,1,Spring,,
2004-05-09,41.99,-70.21,Visual,1,Spring,,
2004-05-06,41.28,-68.83,Visual,1,Spring,,
2004-05-06,41.28,-68.95,Visual,1,Spring,,
2004-05-06,41.28,-69.0,Visual,1,Spring,,
2004-05-06,41.28,-69.05,Visual,1,Spring,,
2004-05-07,41.99,-70.21,Visual,1,Spring,,
2004-05-06,41.8,-70.23,Visual,1,Spring,,
2004-05-06,41.85,-70.16,Visual,1,Spring,,
2004-05-06,42.41,-70.82,Visual,1,Spring,,
2004-05-05,42.05,-70.24,Visual,1,Spring,,
2004-05-05,41.38,-69.11,Visual,1,Spring,,
2004-05-05,41.35,-69.18,Visual,1,Spring,,
2004-05-05,41.29,-69.12,Visual,1,Spring,,
2004-05-05,41.34,-69.32,Visual,1,Spring,,
2004-05-05,41.34,-69.3,Visual,1,Spring,,
2004-05-05,41.35,-69.16,Visual,1,Spring,,
2004-05-05,41.34,-68.94,Visual,1,Spring,,
2004-05-05,41.37,-68.67,Visual,1,Spring,,
2004-05-05,41.37,-68.69,Visual,1,Spring,,
2004-05-05,41.81,-70.19,Visual,1,Spring,,
2004-05-05,41.83,-70.19,Visual,1,Spring,,
2004-05-04,41.29,-69.04,Visual,1,Spring,,
2004-05-04,41.29,-69.13,Visual,1,Spring,,
2004-05-04,41.29,-69.18,Visual,1,Spring,,
2004-05-04,41.61,-69.27,Visual,1,Spring,,
2004-05-04,41.3,-69.13,Visual,1,Spring,,
2004-05-04,41.33,-69.22,Visual,1,Spring,,
2004-05-02,41.29,-68.83,Visual,1,Spring,,
2004-05-01,41.22,-68.78,Visual,1,Spring,,
2004-05-01,41.25,-68.8,Visual,1,Spring,,
2004-05-01,41.28,-68.78,Visual,1,Spring,,
2004-05-01,41.28,-68.75,Visual,1,Spring,,
2004-05-01,41.28,-68.81,Visual,1,Spring,,
2004-05-01,41.99,-70.15,Visual,1,Spring,,
2004-05-01,42.04,-70.16,Visual,1,Spring,,
2004-04-30,42.1,-70.17,Visual,1,Spring,,
2004-04-30,42.09,-70.22,Visual,1,Spring,,
2004-04-30,41.69,-68.7,Visual,1,Spring,,
2004-04-30,41.69,-69.3,Visual,1,Spring,,
2004-04-29,41.49,-69.2,Visual,1,Spring,,
2004-04-29,41.53,-69.31,Visual,1,Spring,,
2004-04-29,41.54,-69.29,Visual,1,Spring,,
2004-04-29,41.49,-69.28,Visual,1,Spring,,
2004-04-28,41.51,-69.05,Visual,1,Spring,,
2004-04-28,41.57,-69.05,Visual,1,Spring,,
2004-04-28,41.57,-69.08,Visual,1,Spring,,
2004-04-28,41.57,-69.11,Visual,1,Spring,,
2004-04-28,42.09,-70.21,Visual,1,Spring,,
2004-04-28,42.07,-70.08,Visual,1,Spring,,
2004-04-28,42.09,-70.19,Visual,1,Spring,,
2004-04-27,42.04,-70.23,Visual,1,Spring,,
2004-04-27,42.05,-70.24,Visual,1,Spring,,
2004-04-27,42.02,-70.21,Visual,1,Spring,,
2004-04-26,42.1,-70.23,Visual,1,Spring,,
2004-04-25,41.37,-69.31,Visual,1,Spring,,
2004-04-25,42.09,-70.2,Visual,1,Spring,,
2004-04-25,42.1,-70.22,Visual,1,Spring,,
2004-04-25,42.09,-70.24,Visual,1,Spring,,
2004-04-25,42.09,-70.25,Visual,1,Spring,,
2004-04-25,42.06,-70.25,Visual,1,Spring,,
2004-04-25,42.03,-70.22,Visual,1,Spring,,
2004-04-25,42.08,-70.23,Visual,1,Spring,,
2004-04-25,41.95,-70.54,Visual,1,Spring,,
2004-04-24,42.04,-70.24,Visual,1,Spring,,
2004-04-24,42.02,-70.2,Visual,1,Spring,,
2004-04-24,42.03,-70.22,Visual,1,Spring,,
2004-04-24,42.05,-70.25,Visual,1,Spring,,
2004-04-24,42.02,-70.19,Visual,1,Spring,,
2004-04-24,42.02,-70.21,Visual,1,Spring,,
2004-04-23,42.09,-70.24,Visual,1,Spring,,
2004-04-23,42.06,-70.28,Visual,1,Spring,,
2004-04-22,42.06,-70.25,Visual,1,Spring,,
2004-04-22,42.12,-70.18,Visual,1,Spring,,
2004-04-22,42.07,-70.25,Visual,1,Spring,,
2004-04-22,42.01,-70.21,Visual,1,Spring,,
2004-04-22,42.2,-70.21,Visual,1,Spring,,
2004-04-22,42.01,-70.19,Visual,1,Spring,,
2004-04-22,42.11,-70.14,Visual,1,Spring,,
2004-04-22,42.12,-70.15,Visual,1,Spring,,
2004-04-21,42.03,-70.22,Visual,1,Spring,,
2004-04-20,42.12,-69.65,Visual,1,Spring,,
2004-04-21,41.84,-70.21,Visual,1,Spring,,
2004-04-21,41.94,-70.21,Visual,1,Spring,,
2004-04-21,42.01,-70.18,Visual,1,Spring,,
2004-04-21,40.37,-70.48,Visual,1,Spring,,
2004-04-21,41.54,-69.46,Visual,1,Spring,,
2004-04-21,41.54,-69.42,Visual,1,Spring,,
2004-04-21,41.52,-69.32,Visual,1,Spring,,
2004-04-21,41.24,-69.34,Visual,1,Spring,,
2004-04-21,41.2,-69.45,Visual,1,Spring,,
2004-04-20,41.98,-70.22,Visual,1,Spring,,
2004-04-20,42.44,-69.16,Visual,1,Spring,,
2004-04-20,42.36,-69.16,Visual,1,Spring,,
2004-04-19,42.07,-70.25,Visual,1,Spring,,
2004-04-19,42.02,-70.21,Visual,1,Spring,,
2004-04-18,42.01,-70.32,Visual,1,Spring,,
2004-04-18,41.95,-70.3,Visual,1,Spring,,
2004-04-18,41.88,-70.28,Visual,1,Spring,,
2004-04-18,41.8,-70.18,Visual,1,Spring,,
2004-04-18,41.79,-70.36,Visual,1,Spring,,
2004-04-18,42.16,-70.2,Visual,1,Spring,,
2004-04-18,41.88,-70.23,Visual,1,Spring,,
2004-04-18,41.84,-69.84,Visual,1,Spring,,
2004-04-18,41.2,-69.23,Visual,1,Spring,,
2004-04-18,41.35,-69.21,Visual,1,Spring,,
2004-04-18,41.41,-69.25,Visual,1,Spring,,
2004-04-18,41.52,-69.23,Visual,1,Spring,,
2004-04-18,41.48,-69.25,Visual,1,Spring,,
2004-04-18,41.51,-69.26,Visual,1,Spring,,
2004-04-18,41.51,-69.43,Visual,1,Spring,,
2004-04-17,42.09,-70.38,Visual,1,Spring,,
2004-04-17,42.19,-70.28,Visual,1,Spring,,
2004-04-17,42.17,-70.38,Visual,1,Spring,,
2004-04-17,42.12,-70.22,Visual,1,Spring,,
2004-04-09,41.23,-69.97,Visual,1,Spring,,
2004-04-09,41.78,-70.31,Visual,1,Spring,,
2004-04-09,41.86,-70.23,Visual,1,Spring,,
2004-04-09,41.96,-70.19,Visual,1,Spring,,
2004-04-09,38.3,-74.92,Visual,1,Spring,,
2004-04-09,41.98,-68.73,Visual,1,Spring,,
2004-04-09,42.07,-68.8,Visual,1,Spring,,
2004-04-09,42.15,-68.86,Visual,1,Spring,,
2004-04-09,42.31,-68.97,Visual,1,Spring,,
2004-04-09,41.84,-70.34,Visual,1,Spring,,
2004-04-08,41.79,-70.41,Visual,1,Spring,,
2004-04-08,41.97,-70.45,Visual,1,Spring,,
2004-04-08,42.0,-70.27,Visual,1,Spring,,
2004-04-07,41.99,-70.25,Visual,1,Spring,,
2004-04-07,41.58,-69.7,Visual,1,Spring,,
2004-04-07,41.65,-69.38,Visual,1,Spring,,
2004-04-07,41.84,-69.9,Visual,1,Spring,,
2004-04-04,42.0,-70.28,Visual,1,Spring,,
2004-04-04,41.99,-70.35,Visual,1,Spring,,
2004-04-04,41.84,-70.42,Visual,1,Spring,,
2004-04-04,41.82,-70.37,Visual,1,Spring,,
2004-04-03,41.03,-70.22,Visual,1,Spring,,
2004-04-03,42.08,-70.23,Visual,1,Spring,,
2004-04-02,38.45,-74.35,Visual,1,Spring,,
2004-03-30,41.81,-70.32,Visual,1,Spring,,
2004-03-30,36.66,-75.2,Visual,1,Spring,,
2004-03-29,37.07,-75.0,Visual,1,Spring,,
2004-03-24,41.81,-70.28,Visual,1,Spring,,
2004-03-22,41.83,-70.32,Visual,1,Spring,,
2004-03-22,41.91,-70.31,Visual,1,Spring,,
2004-03-16,41.9,-70.28,Visual,1,Spring,,
2004-03-14,42.02,-70.2,Visual,1,Spring,,
2004-03-14,41.97,-70.17,Visual,1,Spring,,
2004-03-14,41.92,-70.28,Visual,1,Spring,,
2004-03-14,41.53,-69.62,Visual,1,Spring,,
2004-03-14,41.73,-68.68,Visual,1,Spring,,
2004-03-10,41.88,-70.38,Visual,1,Spring,,
2004-03-05,41.98,-70.18,Visual,1,Spring,,
2004-03-04,42.76,-68.93,Visual,1,Spring,,
2004-03-01,41.98,-70.23,Visual,1,Spring,,
2004-02-29,42.05,-70.17,Visual,1,Winter,,
2004-02-29,42.01,-70.21,Visual,1,Winter,,
2004-02-29,42.04,-70.11,Visual,1,Winter,,
2004-02-28,41.96,-70.25,Visual,1,Winter,,
2004-02-24,41.92,-70.22,Visual,1,Winter,,
2004-02-23,41.96,-70.24,Visual,1,Winter,,
2004-02-22,42.09,-69.88,Visual,1,Winter,,
2004-02-20,41.98,-70.23,Visual,1,Winter,,
2004-02-20,41.93,-70.23,Visual,1,Winter,,
2004-02-17,41.93,-70.23,Visual,1,Winter,,
2004-02-13,41.92,-70.23,Visual,1,Winter,,
2004-02-12,42.69,-70.03,Visual,1,Winter,,
2004-02-12,41.92,-70.23,Visual,1,Winter,,
2004-02-10,41.94,-70.24,Visual,1,Winter,,
2004-02-07,41.93,-69.79,Visual,1,Winter,,
2004-02-03,41.86,-69.7,Visual,1,Winter,,
2004-01-07,36.76,-75.88,Visual,1,Winter,,
2003-12-29,40.87,-72.02,Visual,1,Winter,,
2003-12-20,43.07,-69.83,Visual,1,Winter,,
2003-12-10,42.69,-70.39,Visual,1,Winter,,
2003-12-10,42.83,-70.1,Visual,1,Winter,,
2003-12-10,42.81,-70.07,Visual,1,Winter,,
2003-12-10,42.73,-70.21,Visual,1,Winter,,
2003-12-05,43.0,-69.98,Visual,1,Winter,,
2003-12-05,42.87,-70.04,Visual,1,Winter,,
2003-12-04,43.0,-70.05,Visual,1,Winter,,
2003-12-04,42.7,-70.04,Visual,1,Winter,,
2003-11-26,42.97,-70.25,Visual,1,Fall,,
2003-11-21,44.49,-66.42,Visual,1,Fall,,
2003-11-24,42.94,-70.1,Visual,1,Fall,,
2003-11-24,43.04,-69.96,Visual,1,Fall,,
2003-11-18,42.92,-69.98,Visual,1,Fall,,
2003-11-18,42.79,-70.07,Visual,1,Fall,,
2003-11-17,42.99,-70.09,Visual,1,Fall,,
2003-11-17,42.97,-70.0,Visual,1,Fall,,
2003-11-11,42.87,-70.03,Visual,1,Fall,,
2003-11-10,42.88,-70.0,Visual,1,Fall,,
2003-11-07,42.82,-70.02,Visual,1,Fall,,
2003-11-07,43.32,-69.42,Visual,1,Fall,,
2003-11-02,42.97,-69.99,Visual,1,Fall,,
2003-10-25,43.07,-70.0,Visual,1,Fall,,
2003-10-20,42.04,-70.16,Visual,1,Fall,,
2003-10-20,42.04,-70.15,Visual,1,Fall,,
2003-10-18,42.92,-69.22,Visual,1,Fall,,
2003-10-17,42.97,-70.23,Visual,1,Fall,,
2003-10-14,43.84,-68.16,Visual,1,Fall,,
2003-10-14,42.73,-70.32,Visual,1,Fall,,
2003-10-06,42.7,-70.23,Visual,1,Fall,,
2003-10-06,44.22,-67.47,Visual,1,Fall,,
2003-10-02,44.06,-68.11,Visual,1,Fall,,
2003-10-02,41.51,-68.81,Visual,1,Fall,,
2003-10-01,42.77,-70.32,Visual,1,Fall,,
2003-09-26,44.16,-67.65,Visual,1,Fall,,
2003-09-18,43.04,-66.37,Visual,1,Fall,,
2003-09-12,43.06,-70.34,Visual,1,Fall,,
2003-09-11,44.63,-66.47,Visual,1,Fall,,
2003-09-08,42.73,-67.37,Visual,1,Fall,,
2003-09-07,43.07,-70.44,Visual,1,Fall,,
2003-09-07,42.05,-70.48,Visual,1,Fall,,
2003-09-06,43.07,-70.47,Visual,1,Fall,,
2003-09-06,42.06,-70.5,Visual,1,Fall,,
2003-08-25,42.73,-65.23,Visual,1,Summer,,
2003-08-24,42.71,-66.1,Visual,1,Summer,,
2003-08-19,42.28,-70.53,Visual,1,Summer,,
2003-08-15,42.26,-70.04,Visual,1,Summer,,
2003-08-14,44.72,-66.44,Visual,1,Summer,,
2003-08-08,41.55,-65.97,Visual,1,Summer,,
2003-08-07,42.0,-66.02,Visual,1,Summer,,
2003-08-07,42.22,-66.28,Visual,1,Summer,,
2003-08-07,42.35,-66.5,Visual,1,Summer,,
2003-08-02,42.25,-70.48,Visual,1,Summer,,
2003-07-31,42.32,-70.37,Visual,1,Summer,,
2003-07-31,42.28,-70.42,Visual,1,Summer,,
2003-07-31,42.25,-70.38,Visual,1,Summer,,
2003-07-30,42.2,-67.22,Visual,1,Summer,,
2003-07-30,42.26,-66.76,Visual,1,Summer,,
2003-07-30,42.25,-66.35,Visual,1,Summer,,
2003-07-29,42.1,-70.39,Visual,1,Summer,,
2003-07-29,42.1,-70.4,Visual,1,Summer,,
2003-07-28,42.43,-70.52,Visual,1,Summer,,
2003-07-28,42.15,-66.75,Visual,1,Summer,,
2003-07-28,42.29,-66.16,Visual,1,Summer,,
2003-07-28,42.18,-70.23,Visual,1,Summer,,
2003-07-28,42.25,-70.52,Visual,1,Summer,,
2003-07-28,42.24,-70.49,Visual,1,Summer,,
2003-07-27,42.18,-70.24,Visual,1,Summer,,
2003-07-27,42.18,-70.23,Visual,1,Summer,,
2003-07-26,42.53,-70.6,Visual,1,Summer,,
2003-07-20,42.25,-69.48,Visual,1,Summer,,
2003-07-20,42.41,-70.61,Visual,1,Summer,,
2003-07-21,42.37,-70.61,Visual,1,Summer,,
2003-07-21,42.2,-70.02,Visual,1,Summer,,
2003-07-21,42.24,-70.04,Visual,1,Summer,,
2003-07-21,42.23,-70.01,Visual,1,Summer,,
2003-07-20,42.37,-69.37,Visual,1,Summer,,
2003-07-20,42.3,-69.47,Visual,1,Summer,,
2003-07-20,42.15,-69.25,Visual,1,Summer,,
2003-07-20,42.22,-69.4,Visual,1,Summer,,
2003-07-20,42.17,-70.0,Visual,1,Summer,,
2003-07-20,42.19,-69.95,Visual,1,Summer,,
2003-07-20,42.17,-70.02,Visual,1,Summer,,
2003-07-20,42.21,-70.49,Visual,1,Summer,,
2003-07-20,42.18,-69.95,Visual,1,Summer,,
2003-07-20,42.2,-69.97,Visual,1,Summer,,
2003-07-20,42.41,-70.59,Visual,1,Summer,,
2003-07-19,42.22,-70.03,Visual,1,Summer,,
2003-07-19,42.21,-70.02,Visual,1,Summer,,
2003-07-19,42.19,-70.02,Visual,1,Summer,,
2003-07-19,42.21,-70.01,Visual,1,Summer,,
2003-07-19,42.17,-70.02,Visual,1,Summer,,
2003-07-18,42.26,-70.0,Visual,1,Summer,,
2003-07-18,42.24,-70.0,Visual,1,Summer,,
2003-07-18,42.18,-70.07,Visual,1,Summer,,
2003-07-18,42.06,-70.25,Visual,1,Summer,,
2003-07-18,42.23,-70.25,Visual,1,Summer,,
2003-07-18,42.21,-70.0,Visual,1,Summer,,
2003-07-18,42.26,-69.97,Visual,1,Summer,,
2003-07-18,42.25,-69.99,Visual,1,Summer,,
2003-07-18,42.24,-70.02,Visual,1,Summer,,
2003-07-18,42.4,-70.7,Visual,1,Summer,,
2003-07-18,42.24,-70.03,Visual,1,Summer,,
2003-07-17,42.09,-70.35,Visual,1,Summer,,
2003-07-17,41.59,-69.58,Visual,1,Summer,,
2003-07-17,42.25,-70.12,Visual,1,Summer,,
2003-07-17,42.11,-70.37,Visual,1,Summer,,
2003-07-16,41.37,-69.27,Visual,1,Summer,,
2003-07-15,42.07,-70.38,Visual,1,Summer,,
2003-07-14,42.26,-70.31,Visual,1,Summer,,
2003-07-12,42.35,-70.45,Visual,1,Summer,,
2003-07-11,42.42,-69.42,Visual,1,Summer,,
2003-07-09,42.4,-70.43,Visual,1,Summer,,
2003-07-09,42.62,-69.55,Visual,1,Summer,,
2003-07-09,42.6,-69.57,Visual,1,Summer,,
2003-07-09,42.59,-69.59,Visual,1,Summer,,
2003-07-07,42.75,-70.75,Visual,1,Summer,,
2003-07-07,42.69,-70.72,Visual,1,Summer,,
2003-07-05,42.81,-70.81,Visual,1,Summer,,
2003-07-02,42.06,-69.73,Visual,1,Summer,,
2003-07-02,42.28,-67.75,Visual,1,Summer,,
2003-07-02,42.27,-67.58,Visual,1,Summer,,
2003-07-02,42.25,-66.96,Visual,1,Summer,,
2003-07-02,42.19,-67.25,Visual,1,Summer,,
2003-07-02,42.15,-67.38,Visual,1,Summer,,
2003-07-02,42.15,-67.93,Visual,1,Summer,,
2003-07-02,42.46,-69.1,Visual,1,Summer,,
2003-07-02,42.07,-69.72,Visual,1,Summer,,
2003-06-30,42.14,-69.8,Visual,1,Summer,,
2003-06-29,42.17,-69.82,Visual,1,Summer,,
2003-06-28,42.12,-69.0,Visual,1,Summer,,
2003-06-28,42.16,-68.94,Visual,1,Summer,,
2003-06-28,42.32,-68.8,Visual,1,Summer,,
2003-06-28,42.28,-68.97,Visual,1,Summer,,
2003-06-28,42.22,-69.13,Visual,1,Summer,,
2003-06-28,42.13,-69.32,Visual,1,Summer,,
2003-06-26,42.66,-68.56,Visual,1,Summer,,
2003-06-25,40.15,-69.39,Visual,1,Summer,,
2003-06-24,42.48,-69.16,Visual,1,Summer,,
2003-06-24,42.25,-68.96,Visual,1,Summer,,
2003-06-24,42.11,-69.06,Visual,1,Summer,,
2003-06-24,42.11,-69.53,Visual,1,Summer,,
2003-06-24,42.46,-69.44,Visual,1,Summer,,
2003-06-24,42.46,-69.17,Visual,1,Summer,,
2003-06-17,41.28,-68.9,Visual,1,Summer,,
2003-06-17,41.42,-69.15,Visual,1,Summer,,
2003-06-17,41.62,-68.66,Visual,1,Summer,,
2003-06-17,41.76,-68.4,Visual,1,Summer,,
2003-06-17,41.85,-68.37,Visual,1,Summer,,
2003-06-17,41.77,-68.92,Visual,1,Summer,,
2003-06-16,43.05,-69.87,Visual,1,Summer,,
2003-06-17,41.86,-68.9,Visual,1,Summer,,
2003-06-17,42.1,-68.64,Visual,1,Summer,,
2003-06-17,42.08,-68.75,Visual,1,Summer,,
2003-06-17,41.9,-69.12,Visual,1,Summer,,
2003-06-17,42.0,-68.93,Visual,1,Summer,,
2003-06-17,41.89,-68.21,Visual,1,Summer,,
2003-06-17,42.22,-68.61,Visual,1,Summer,,
2003-06-16,42.83,-69.42,Visual,1,Summer,,
2003-06-13,42.19,-69.55,Visual,1,Summer,,
2003-06-10,41.28,-68.87,Visual,1,Summer,,
2003-06-10,41.57,-68.62,Visual,1,Summer,,
2003-06-09,42.15,-67.38,Visual,1,Summer,,
2003-06-09,41.18,-69.0,Visual,1,Summer,,
2003-06-07,41.96,-69.09,Visual,1,Summer,,
2003-06-07,42.6,-69.6,Visual,1,Summer,,
2003-06-07,42.15,-67.6,Visual,1,Summer,,
2003-06-07,42.17,-68.78,Visual,1,Summer,,
2003-06-07,42.17,-69.12,Visual,1,Summer,,
2003-05-29,42.57,-69.22,Visual,1,Spring,,
2003-06-03,41.15,-69.13,Visual,1,Summer,,
2003-06-03,41.48,-68.85,Visual,1,Summer,,
2003-06-03,42.5,-69.39,Visual,1,Summer,,
2003-05-31,41.4,-69.13,Visual,1,Spring,,
2003-05-31,41.45,-68.7,Visual,1,Spring,,
2003-05-31,41.17,-68.98,Visual,1,Spring,,
2003-05-31,41.78,-68.53,Visual,1,Spring,,
2003-05-31,41.74,-68.94,Visual,1,Spring,,
2003-05-31,42.3,-68.81,Visual,1,Spring,,
2003-05-30,42.83,-69.52,Visual,1,Spring,,
2003-05-30,42.6,-69.15,Visual,1,Spring,,
2003-05-30,42.17,-68.89,Visual,1,Spring,,
2003-05-29,41.17,-69.02,Visual,1,Spring,,
2003-05-22,41.33,-69.05,Visual,1,Spring,,
2003-05-21,42.41,-69.56,Visual,1,Spring,,
2003-05-20,41.4,-68.87,Visual,1,Spring,,
2003-05-20,42.45,-69.4,Visual,1,Spring,,
2003-05-19,41.43,-68.83,Visual,1,Spring,,
2003-05-19,41.37,-68.98,Visual,1,Spring,,
2003-05-18,42.23,-69.62,Visual,1,Spring,,
2003-05-18,42.2,-69.61,Visual,1,Spring,,
2003-05-18,41.41,-68.91,Visual,1,Spring,,
2003-05-18,41.4,-68.92,Visual,1,Spring,,
2003-05-15,41.22,-68.82,Visual,1,Spring,,
2003-05-15,41.22,-69.07,Visual,1,Spring,,
2003-05-15,41.42,-68.72,Visual,1,Spring,,
2003-05-15,41.53,-69.65,Visual,1,Spring,,
2003-05-15,41.43,-68.83,Visual,1,Spring,,
2003-05-15,41.26,-69.18,Visual,1,Spring,,
2003-05-15,41.77,-68.52,Visual,1,Spring,,
2003-05-15,41.88,-68.47,Visual,1,Spring,,
2003-05-15,41.86,-68.52,Visual,1,Spring,,
2003-05-15,41.84,-68.58,Visual,1,Spring,,
2003-05-15,41.93,-68.56,Visual,1,Spring,,
2003-05-15,41.84,-69.2,Visual,1,Spring,,
2003-05-15,41.75,-69.52,Visual,1,Spring,,
2003-05-15,42.29,-69.89,Visual,1,Spring,,
2003-05-15,42.08,-69.69,Visual,1,Spring,,
2003-05-15,42.12,-69.71,Visual,1,Spring,,
2003-05-13,41.9,-69.72,Visual,1,Spring,,
2003-05-10,42.28,-69.85,Visual,1,Spring,,
2003-05-09,41.86,-69.82,Visual,1,Spring,,
2003-05-09,41.47,-68.72,Visual,1,Spring,,
2003-05-05,42.09,-70.21,Visual,1,Spring,,
2003-05-05,42.04,-70.04,Visual,1,Spring,,
2003-05-05,43.38,-68.48,Visual,1,Spring,,
2003-05-05,41.74,-68.62,Visual,1,Spring,,
2003-05-05,41.47,-68.72,Visual,1,Spring,,
2003-05-04,42.33,-70.49,Visual,1,Spring,,
2003-05-02,42.06,-70.25,Visual,1,Spring,,
2003-05-02,42.08,-70.31,Visual,1,Spring,,
2003-04-30,42.04,-70.38,Visual,1,Spring,,
2003-04-30,41.8,-70.36,Visual,1,Spring,,
2003-04-30,41.85,-70.37,Visual,1,Spring,,
2003-04-30,41.9,-70.44,Visual,1,Spring,,
2003-04-30,42.21,-70.34,Visual,1,Spring,,
2003-04-29,42.09,-70.23,Visual,1,Spring,,
2003-04-28,42.02,-70.22,Visual,1,Spring,,
2003-04-28,41.89,-70.43,Visual,1,Spring,,
2003-04-28,41.82,-70.38,Visual,1,Spring,,
2003-04-28,41.81,-70.4,Visual,1,Spring,,
2003-04-28,41.83,-70.4,Visual,1,Spring,,
2003-04-28,41.82,-70.42,Visual,1,Spring,,
2003-04-28,41.8,-70.37,Visual,1,Spring,,
2003-04-28,41.79,-69.54,Visual,1,Spring,,
2003-04-28,42.12,-67.57,Visual,1,Spring,,
2003-04-28,42.13,-70.45,Visual,1,Spring,,
2003-04-28,41.83,-70.51,Visual,1,Spring,,
2003-04-28,42.37,-70.75,Visual,1,Spring,,
2003-04-27,42.16,-70.01,Visual,1,Spring,,
2003-04-27,42.0,-70.22,Visual,1,Spring,,
2003-04-25,41.88,-69.94,Visual,1,Spring,,
2003-04-25,41.88,-69.93,Visual,1,Spring,,
2003-04-25,41.96,-69.94,Visual,1,Spring,,
2003-04-25,41.87,-70.3,Visual,1,Spring,,
2003-04-25,41.76,-70.27,Visual,1,Spring,,
2003-04-25,42.47,-70.54,Visual,1,Spring,,
2003-04-25,41.43,-68.02,Visual,1,Spring,,
2003-04-24,42.0,-70.21,Visual,1,Spring,,
2003-04-23,42.01,-70.21,Visual,1,Spring,,
2003-04-23,41.81,-70.34,Visual,1,Spring,,
2003-04-23,42.22,-70.56,Visual,1,Spring,,
2003-04-22,41.08,-70.32,Visual,1,Spring,,
2003-04-21,41.7,-69.7,Visual,1,Spring,,
2003-04-21,41.69,-69.42,Visual,1,Spring,,
2003-04-21,41.56,-69.67,Visual,1,Spring,,
2003-04-21,41.39,-69.39,Visual,1,Spring,,
2003-04-21,41.82,-70.33,Visual,1,Spring,,
2003-04-21,42.87,-69.59,Visual,1,Spring,,
2003-04-21,42.1,-70.37,Visual,1,Spring,,
2003-04-20,42.02,-70.18,Visual,1,Spring,,
2003-04-19,42.26,-70.46,Visual,1,Spring,,
2003-04-19,41.91,-70.24,Visual,1,Spring,,
2003-04-19,42.08,-70.25,Visual,1,Spring,,
2003-04-19,42.03,-70.26,Visual,1,Spring,,
2003-04-16,41.95,-70.3,Visual,1,Spring,,
2003-04-16,41.96,-70.3,Visual,1,Spring,,
2003-04-16,41.97,-70.29,Visual,1,Spring,,
2003-04-15,41.98,-70.33,Visual,1,Spring,,
2003-04-15,41.97,-70.29,Visual,1,Spring,,
2003-04-14,41.58,-69.68,Visual,1,Spring,,
2003-04-14,41.98,-70.32,Visual,1,Spring,,
2003-04-14,42.0,-70.29,Visual,1,Spring,,
2003-04-14,41.96,-70.34,Visual,1,Spring,,
2003-04-14,41.59,-69.69,Visual,1,Spring,,
2003-04-13,42.0,-70.3,Visual,1,Spring,,
2003-04-13,41.57,-69.75,Visual,1,Spring,,
2003-04-13,41.97,-70.3,Visual,1,Spring,,
2003-04-11,42.04,-70.27,Visual,1,Spring,,
2003-04-11,41.97,-70.34,Visual,1,Spring,,
2003-04-10,42.0,-70.33,Visual,1,Spring,,
2003-04-09,42.0,-70.33,Visual,1,Spring,,
2003-04-07,42.07,-70.23,Visual,1,Spring,,
2003-04-06,42.03,-70.23,Visual,1,Spring,,
2003-04-06,42.08,-70.27,Visual,1,Spring,,
2003-04-04,42.38,-70.03,Visual,1,Spring,,
2003-04-03,41.33,-69.5,Visual,1,Spring,,
2003-03-28,41.97,-69.8,Visual,1,Spring,,
2003-03-27,41.58,-69.43,Visual,1,Spring,,
2003-03-27,41.65,-69.85,Visual,1,Spring,,
2003-03-25,42.53,-69.99,Visual,1,Spring,,
2003-03-24,41.81,-69.86,Visual,1,Spring,,
2003-03-24,41.6,-69.87,Visual,1,Spring,,
2003-03-23,41.99,-69.78,Visual,1,Spring,,
2003-03-23,41.68,-69.8,Visual,1,Spring,,
2003-03-20,41.8,-69.85,Visual,1,Spring,,
2003-02-27,42.33,-69.99,Visual,1,Winter,,
2003-02-27,42.44,-70.05,Visual,1,Winter,,
2003-02-06,42.0,-70.3,Visual,1,Winter,,
2003-01-26,41.93,-70.2,Visual,1,Winter,,
2003-01-25,41.84,-70.4,Visual,1,Winter,,
2003-01-18,42.01,-70.18,Visual,1,Winter,,
2003-01-17,42.77,-69.78,Visual,1,Winter,,
2002-12-19,42.9,-69.25,Visual,1,Winter,,
2002-12-19,42.88,-69.05,Visual,1,Winter,,
2002-12-19,43.02,-69.35,Visual,1,Winter,,
2002-12-13,43.0,-69.05,Visual,1,Winter,,
2002-12-13,43.0,-69.31,Visual,1,Winter,,
2002-12-13,42.97,-70.05,Visual,1,Winter,,
2002-12-09,43.03,-70.05,Visual,1,Winter,,
2002-12-04,42.98,-70.13,Visual,1,Winter,,
2002-11-25,42.96,-70.24,Visual,1,Fall,,
2002-11-25,43.1,-70.19,Visual,1,Fall,,
2002-11-25,43.11,-70.08,Visual,1,Fall,,
2002-11-25,42.97,-70.21,Visual,1,Fall,,
2002-11-25,42.97,-70.24,Visual,1,Fall,,
2002-11-20,43.0,-70.25,Visual,1,Fall,,
2002-11-20,43.04,-70.15,Visual,1,Fall,,
2002-11-20,42.99,-70.1,Visual,1,Fall,,
2002-11-20,43.01,-70.14,Visual,1,Fall,,
2002-11-20,43.01,-70.15,Visual,1,Fall,,
2002-11-20,42.99,-70.13,Visual,1,Fall,,
2002-11-20,42.97,-70.1,Visual,1,Fall,,
2002-11-19,42.91,-70.3,Visual,1,Fall,,
2002-09-30,41.8,-68.4,Visual,1,Fall,,
2002-09-26,43.32,-67.65,Visual,1,Fall,,
2002-09-20,41.12,-71.32,Visual,1,Fall,,
2002-09-18,41.81,-69.75,Visual,1,Fall,,
2002-09-17,42.07,-70.33,Visual,1,Fall,,
2002-09-01,44.63,-66.47,Visual,1,Fall,,
2002-09-01,42.82,-65.58,Visual,1,Fall,,
2002-08-29,44.67,-66.5,Visual,1,Summer,,
2002-08-28,44.67,-66.45,Visual,1,Summer,,
2002-08-27,44.63,-66.5,Visual,1,Summer,,
2002-08-26,42.85,-65.43,Visual,1,Summer,,
2002-08-26,44.67,-66.5,Visual,1,Summer,,
2002-08-25,42.82,-65.45,Visual,1,Summer,,
2002-08-24,44.28,-67.31,Visual,1,Summer,,
2002-08-24,44.15,-67.61,Visual,1,Summer,,
2002-08-24,42.85,-65.67,Visual,1,Summer,,
2002-08-23,44.21,-67.98,Visual,1,Summer,,
2002-08-23,42.75,-65.25,Visual,1,Summer,,
2002-08-22,42.87,-65.42,Visual,1,Summer,,
2002-08-21,42.78,-65.5,Visual,1,Summer,,
2002-08-20,44.12,-67.6,Visual,1,Summer,,
2002-08-20,44.16,-67.64,Visual,1,Summer,,
2002-08-20,44.15,-67.62,Visual,1,Summer,,
2002-08-13,43.88,-66.72,Visual,1,Summer,,
2002-08-08,42.8,-65.58,Visual,1,Summer,,
2002-08-08,38.93,-74.79,Visual,1,Summer,,
2002-08-02,42.14,-70.14,Visual,1,Summer,,
2002-07-27,42.53,-67.2,Visual,1,Summer,,
2002-07-27,42.93,-67.18,Visual,1,Summer,,
2002-07-25,43.86,-66.66,Visual,1,Summer,,
2002-07-17,41.94,-68.4,Visual,1,Summer,,
2002-07-17,41.66,-68.57,Visual,1,Summer,,
2002-07-12,41.48,-69.07,Visual,1,Summer,,
2002-07-12,41.87,-68.65,Visual,1,Summer,,
2002-07-07,42.46,-69.98,Visual,1,Summer,,
2002-07-06,41.51,-68.55,Visual,1,Summer,,
2002-07-03,42.25,-70.3,Visual,1,Summer,,
2002-07-03,42.25,-70.31,Visual,1,Summer,,
2002-07-03,42.24,-70.3,Visual,1,Summer,,
2002-07-03,42.16,-70.4,Visual,1,Summer,,
2002-07-01,41.4,-68.82,Visual,1,Summer,,
2002-07-01,41.37,-68.9,Visual,1,Summer,,
2002-06-26,41.35,-69.02,Visual,1,Summer,,
2002-06-24,41.6,-68.63,Visual,1,Summer,,
2002-06-21,41.2,-69.22,Visual,1,Summer,,
2002-06-21,41.28,-68.98,Visual,1,Summer,,
2002-06-20,41.38,-68.78,Visual,1,Summer,,
2002-06-20,41.32,-68.97,Visual,1,Summer,,
2002-06-20,41.22,-69.23,Visual,1,Summer,,
2002-06-20,41.18,-69.08,Visual,1,Summer,,
2002-06-20,41.22,-68.98,Visual,1,Summer,,
2002-06-19,42.15,-66.77,Visual,1,Summer,,
2002-06-19,42.02,-68.45,Visual,1,Summer,,
2002-06-19,42.2,-67.43,Visual,1,Summer,,
2002-06-18,42.25,-67.65,Visual,1,Summer,,
2002-06-18,42.23,-67.4,Visual,1,Summer,,
2002-06-18,41.35,-69.02,Visual,1,Summer,,
2002-06-18,41.35,-69.28,Visual,1,Summer,,
2002-06-18,41.62,-69.0,Visual,1,Summer,,
2002-06-18,41.82,-68.85,Visual,1,Summer,,
2002-06-14,41.32,-68.98,Visual,1,Summer,,
2002-06-13,41.38,-69.32,Visual,1,Summer,,
2002-06-11,42.33,-68.35,Visual,1,Summer,,
2002-06-11,42.47,-68.5,Visual,1,Summer,,
2002-06-10,42.45,-68.37,Visual,1,Summer,,
2002-06-10,41.22,-68.98,Visual,1,Summer,,
2002-06-10,41.47,-69.28,Visual,1,Summer,,
2002-06-08,41.32,-69.17,Visual,1,Summer,,
2002-06-08,41.39,-68.95,Visual,1,Summer,,
2002-06-08,41.68,-68.85,Visual,1,Summer,,
2002-06-08,41.84,-68.48,Visual,1,Summer,,
2002-06-08,41.87,-68.7,Visual,1,Summer,,
2002-06-04,42.17,-68.47,Visual,1,Summer,,
2002-06-04,41.78,-68.9,Visual,1,Summer,,
2002-06-03,41.32,-69.0,Visual,1,Summer,,
2002-05-26,42.03,-70.37,Visual,1,Spring,,
2002-05-25,41.15,-69.0,Visual,1,Spring,,
2002-05-25,41.27,-69.11,Visual,1,Spring,,
2002-05-25,41.37,-69.06,Visual,1,Spring,,
2002-05-25,41.68,-69.33,Visual,1,Spring,,
2002-05-25,41.65,-69.09,Visual,1,Spring,,
2002-05-25,41.47,-69.3,Visual,1,Spring,,
2002-05-24,42.7,-70.53,Visual,1,Spring,,
2002-05-23,41.23,-69.13,Visual,1,Spring,,
2002-05-22,41.24,-69.21,Visual,1,Spring,,
2002-05-20,41.28,-69.17,Visual,1,Spring,,
2002-05-17,42.24,-70.16,Visual,1,Spring,,
2002-05-12,41.35,-69.25,Visual,1,Spring,,
2002-05-12,41.33,-69.21,Visual,1,Spring,,
2002-05-12,41.31,-69.2,Visual,1,Spring,,
2002-05-12,41.31,-69.19,Visual,1,Spring,,
2002-05-12,41.64,-68.4,Visual,1,Spring,,
2002-05-12,41.57,-69.52,Visual,1,Spring,,
2002-05-12,41.73,-69.52,Visual,1,Spring,,
2002-05-12,41.73,-69.5,Visual,1,Spring,,
2002-05-12,41.67,-69.31,Visual,1,Spring,,
2002-05-12,41.55,-69.55,Visual,1,Spring,,
2002-05-12,41.49,-69.25,Visual,1,Spring,,
2002-05-11,41.62,-69.12,Visual,1,Spring,,
2002-05-10,42.48,-69.92,Visual,1,Spring,,
2002-05-08,41.12,-69.07,Visual,1,Spring,,
2002-05-08,41.33,-68.82,Visual,1,Spring,,
2002-05-06,41.17,-69.12,Visual,1,Spring,,
2002-05-06,41.3,-68.88,Visual,1,Spring,,
2002-05-06,41.3,-69.22,Visual,1,Spring,,
2002-05-05,41.64,-69.32,Visual,1,Spring,,
2002-05-05,42.19,-70.32,Visual,1,Spring,,
2002-05-05,42.2,-70.21,Visual,1,Spring,,
2002-05-05,42.2,-70.32,Visual,1,Spring,,
2002-05-05,42.1,-70.43,Visual,1,Spring,,
2002-05-05,41.77,-69.52,Visual,1,Spring,,
2002-05-05,41.78,-69.6,Visual,1,Spring,,
2002-05-05,41.75,-69.54,Visual,1,Spring,,
2002-05-05,41.64,-69.44,Visual,1,Spring,,
2002-05-05,41.61,-69.32,Visual,1,Spring,,
2002-05-05,41.64,-69.3,Visual,1,Spring,,
2002-05-05,41.55,-69.34,Visual,1,Spring,,
2002-05-05,41.51,-69.19,Visual,1,Spring,,
2002-05-05,41.45,-69.17,Visual,1,Spring,,
2002-05-05,42.2,-70.2,Visual,1,Spring,,
2002-05-04,42.17,-69.95,Visual,1,Spring,,
2002-05-04,43.15,-69.27,Visual,1,Spring,,
2002-05-04,43.19,-69.36,Visual,1,Spring,,
2002-05-04,41.63,-69.38,Visual,1,Spring,,
2002-05-04,41.9,-69.8,Visual,1,Spring,,
2002-05-02,42.18,-70.04,Visual,1,Spring,,
2002-05-01,43.17,-69.43,Visual,1,Spring,,
2002-05-01,42.51,-69.64,Visual,1,Spring,,
2002-05-01,42.6,-69.85,Visual,1,Spring,,
2002-04-30,42.44,-69.62,Visual,1,Spring,,
2002-04-30,41.83,-68.45,Visual,1,Spring,,
2002-04-30,41.53,-69.42,Visual,1,Spring,,
2002-04-30,41.62,-69.43,Visual,1,Spring,,
2002-04-30,41.7,-69.47,Visual,1,Spring,,
2002-04-30,41.69,-69.59,Visual,1,Spring,,
2002-04-27,42.18,-70.08,Visual,1,Spring,,
2002-04-27,42.16,-70.08,Visual,1,Spring,,
2002-04-25,42.15,-70.07,Visual,1,Spring,,
2002-04-24,42.61,-69.61,Visual,1,Spring,,
2002-04-24,42.6,-69.88,Visual,1,Spring,,
2002-04-24,42.45,-69.68,Visual,1,Spring,,
2002-04-24,42.36,-69.91,Visual,1,Spring,,
2002-04-24,42.26,-70.32,Visual,1,Spring,,
2002-04-23,42.88,-69.03,Visual,1,Spring,,
2002-04-23,42.95,-69.08,Visual,1,Spring,,
2002-04-23,42.95,-69.1,Visual,1,Spring,,
2002-04-23,43.26,-68.78,Visual,1,Spring,,
2002-04-23,43.41,-69.22,Visual,1,Spring,,
2002-04-23,42.03,-70.0,Visual,1,Spring,,
2002-04-21,42.14,-68.78,Visual,1,Spring,,
2002-04-20,42.82,-69.12,Visual,1,Spring,,
2002-04-20,42.83,-69.0,Visual,1,Spring,,
2002-04-20,42.38,-70.38,Visual,1,Spring,,
2002-04-20,42.13,-70.46,Visual,1,Spring,,
2002-04-17,41.69,-69.26,Visual,1,Spring,,
2002-04-17,41.68,-69.29,Visual,1,Spring,,
2002-04-17,41.68,-69.24,Visual,1,Spring,,
2002-04-17,41.69,-69.23,Visual,1,Spring,,
2002-04-17,41.6,-69.27,Visual,1,Spring,,
2002-04-17,41.51,-69.17,Visual,1,Spring,,
2002-04-17,42.46,-70.4,Visual,1,Spring,,
2002-04-17,42.32,-70.37,Visual,1,Spring,,
2002-04-17,42.32,-70.32,Visual,1,Spring,,
2002-04-15,41.78,-70.55,Visual,1,Spring,,
2002-04-14,43.55,-69.88,Visual,1,Spring,,
2002-04-14,43.58,-69.91,Visual,1,Spring,,
2002-04-14,42.52,-70.01,Visual,1,Spring,,
2002-04-14,42.26,-70.0,Visual,1,Spring,,
2002-04-12,42.65,-69.76,Visual,1,Spring,,
2002-04-12,42.84,-69.79,Visual,1,Spring,,
2002-04-11,42.17,-69.88,Visual,1,Spring,,
2002-04-11,42.15,-69.92,Visual,1,Spring,,
2002-04-11,42.17,-69.89,Visual,1,Spring,,
2002-04-07,41.23,-70.12,Visual,1,Spring,,
2002-04-05,42.13,-69.95,Visual,1,Spring,,
2002-04-05,42.23,-69.1,Visual,1,Spring,,
2002-04-05,42.35,-69.98,Visual,1,Spring,,
2002-04-05,42.22,-70.0,Visual,1,Spring,,
2002-04-05,42.13,-69.97,Visual,1,Spring,,
2002-04-05,42.08,-69.92,Visual,1,Spring,,
2002-04-02,42.09,-69.64,Visual,1,Spring,,
2002-04-02,42.14,-70.33,Visual,1,Spring,,
2002-04-02,42.16,-70.16,Visual,1,Spring,,
2002-03-31,42.17,-70.28,Visual,1,Spring,,
2002-03-31,42.33,-69.95,Visual,1,Spring,,
2002-03-31,42.18,-70.35,Visual,1,Spring,,
2002-03-29,42.38,-70.45,Visual,1,Spring,,
2002-03-29,42.12,-70.1,Visual,1,Spring,,
2002-03-28,40.18,-73.7,Visual,1,Spring,,
2002-03-28,42.47,-70.27,Visual,1,Spring,,
2002-03-25,42.05,-70.04,Visual,1,Spring,,
2002-03-21,38.62,-75.02,Visual,1,Spring,,
2002-03-15,41.84,-70.21,Visual,1,Spring,,
2002-03-15,41.79,-70.17,Visual,1,Spring,,
2002-03-07,41.91,-70.2,Visual,1,Spring,,
2002-03-05,41.98,-70.12,Visual,1,Spring,,
2002-03-02,41.84,-70.35,Visual,1,Spring,,
2002-03-02,41.88,-70.17,Visual,1,Spring,,
2002-03-02,41.89,-70.13,Visual,1,Spring,,
2002-03-01,41.87,-70.14,Visual,1,Spring,,
2002-03-01,42.12,-70.51,Visual,1,Spring,,
2002-02-26,41.89,-70.31,Visual,1,Winter,,
2002-02-25,41.79,-70.2,Visual,1,Winter,,
2002-02-23,41.93,-70.14,Visual,1,Winter,,
2002-02-22,41.93,-70.26,Visual,1,Winter,,
2002-02-17,41.93,-70.13,Visual,1,Winter,,
2002-02-14,41.84,-70.24,Visual,1,Winter,,
2002-02-07,41.88,-70.28,Visual,1,Winter,,
2002-02-07,42.24,-70.2,Visual,1,Winter,,
2002-02-07,42.2,-70.2,Visual,1,Winter,,
2002-02-07,42.15,-70.33,Visual,1,Winter,,
2002-02-06,41.93,-70.52,Visual,1,Winter,,
2002-11-08,42.03,-69.97,Visual,1,Fall,,
